8.00525 4.11061 
7.62361 6.31982 4.76135 6.46092 
2.8951 2.94509 2.51381 1.9966 0.699645 2.1691 
2.82953 2.47377 1.09388 2.13157 2.54776 0.634825 0.560803 2.37419 
2.82082 2.23935 1.05155 1.02722 1.96264 2.28705 0.743969 0.523663 0.698223 2.36584 
3.05901 2.9764 1.44873 1.14028 1.25081 1.91338 2.68102 0.77471 0.523667 0.643278 0.791107 2.20811 
3.15985 2.33522 1.12651 1.44009 1.21519 1.78331 1.57661 2.25399 0.776131 0.528887 0.643139 0.785807 0.80494 2.49928 
2.94083 2.30274 1.31487 1.21994 1.30603 1.31292 1.7039 1.61987 2.25918 0.827552 0.544729 0.643863 0.771717 0.809749 0.906836 2.55664 
3.17853 2.40503 1.21144 1.13557 1.22935 1.13338 1.14417 1.23246 2.2172 2.44821 0.881005 0.558483 0.66447 0.758161 0.804819 0.848828 0.975408 2.5045 
3.04929 2.35588 1.34906 0.96986 1.14032 1.10342 1.26258 1.33246 1.57882 1.57093 2.2976 0.934014 0.630223 0.685894 0.863296 0.844005 0.815552 0.948326 0.953013 2.71016 
3.58311 2.72239 0.848378 1.17075 1.28207 1.07045 1.21495 0.820844 1.22567 1.18756 2.58768 2.51 1.01805 0.65362 0.767629 0.766624 0.823515 0.880717 1.01473 0.967201 1.05934 2.33348 
3.52611 2.50528 0.953677 1.03177 1.12221 0.961849 1.28623 0.994119 0.936509 0.986114 1.36975 2.83196 2.70344 0.974418 0.746155 0.792868 0.788434 0.861273 0.882201 0.988764 0.996055 0.916551 1.02538 2.57067 
3.19179 2.80762 1.83437 1.23166 1.17841 2.01889 1.3776 1.30693 1.33236 1.08428 2.03946 2.18936 2.35648 2.78404 1.10746 0.748956 0.733277 0.891748 0.884281 0.883993 0.976317 0.935025 1.04923 1.03945 1.05965 2.80505 
3.38482 2.55352 1.13047 2.01571 1.51615 1.10501 2.20963 1.72395 1.49051 1.67529 1.21379 1.67751 1.79707 2.32483 2.68897 1.16285 0.711424 0.745297 0.929374 0.872199 1.03872 0.909594 0.967555 0.987598 1.05913 1.13906 1.33934 2.80255 
3.73206 2.79824 1.13396 1.26504 1.18346 1.31653 1.25644 1.13833 1.01147 1.25117 1.34575 1.31457 1.22721 1.35226 2.68437 3.05835 1.30518 0.74621 0.777743 0.956682 0.882263 1.05605 0.912477 0.986278 0.999427 1.11901 1.14124 1.04745 1.25087 2.83369 
3.53129 2.35977 1.40603 1.2881 1.20569 1.32721 1.45045 1.15896 1.08901 1.30975 1.11242 1.15595 1.201 1.38339 2.20296 2.44809 2.90358 1.35422 0.694606 0.96007 0.896577 0.887128 1.00173 0.979747 1.05014 1.04692 1.10345 1.13256 1.05228 1.17431 1.26338 3.10281 
3.55732 2.65618 1.18343 0.92925 1.13843 1.1244 1.11614 1.15907 1.01651 1.47478 1.02418 1.14976 0.803901 1.08147 1.52846 2.00008 2.51171 2.69541 1.7711 0.783474 0.770369 0.891416 0.802294 1.0436 1.01796 1.06218 1.0723 1.08346 1.14405 1.12591 1.05555 1.14982 1.23999 2.8433 
