8.42236 5.48873 
0.485997 1.60255 2.20415 2.4181 
0.754403 2.67397 2.82744 2.90374 1.01748 2.37837 
0.869858 3.31829 1.91901 2.85763 3.2595 0.985052 1.0246 2.39683 
0.869997 2.80784 2.14792 0.84797 2.35256 2.42536 0.935732 0.784948 0.979397 2.39491 
0.973235 2.95539 1.67295 1.01368 0.767072 2.34033 2.32688 1.29203 0.605269 0.679858 1.68202 2.28476 
0.736928 2.969 1.10688 0.376347 0.725142 0.774958 2.16814 2.91564 1.30684 0.596762 1.04177 0.865153 2.41244 3.29076 
0.8011 3.07463 1.37078 0.404058 0.456804 0.902265 0.840793 2.36258 2.84511 0.987379 0.923567 0.539245 0.830822 0.747169 2.0982 2.63396 
0.731518 2.22665 1.3126 1.83123 0.336773 0.697649 0.705727 0.736783 2.23274 2.37077 0.711165 1.26132 0.517024 0.595893 1.72388 1.42977 1.93177 2.48755 
0.780715 2.76989 1.31522 1.33303 0.30688 0.507894 0.509126 1.05488 0.751287 2.21035 2.16475 1.08046 0.795185 0.959606 0.779094 0.58921 0.772261 0.914594 1.92156 3.02247 
0.839366 2.72378 1.24607 0.486588 0.408201 0.306177 1.84514 1.60542 0.810872 0.924606 1.95335 1.91749 1.02753 0.705471 0.993422 1.47589 0.91372 0.571536 0.990189 1.04841 2.07479 2.44863 
0.786935 2.28001 1.37906 0.254135 0.994186 0.272578 0.675862 0.517754 0.502245 0.69343 0.747363 1.88971 2.04356 1.57829 1.03226 0.688652 0.968226 1.89124 0.492716 1.4136 1.51231 1.82642 2.16619 2.51489 
0.746303 2.65654 0.443862 1.75487 0.571611 1.32844 0.560836 0.289018 0.549897 0.505421 0.958624 0.663243 2.07299 2.64905 1.1089 1.16294 1.74292 0.57967 0.570838 1.18673 1.14834 0.785201 1.96047 1.07655 2.37339 2.24314 
0.717385 2.59444 0.777921 1.53813 1.51092 0.237066 1.87533 0.30951 0.432279 0.526884 0.509441 0.647902 1.02423 1.9232 2.66623 1.14217 0.528964 0.465295 1.43522 0.648547 0.614301 0.837871 2.01105 0.848324 1.03598 2.14865 2.49655 2.76961 
0.726494 2.98185 1.23939 1.74481 1.68921 0.635263 0.280507 0.488335 0.345595 1.21388 0.422876 0.649344 0.605096 0.921494 2.37238 2.59408 0.873729 0.787129 0.565837 0.660091 0.657303 0.651813 0.699834 0.716984 1.84377 0.605116 1.63854 2.85433 1.48776 2.27892 
0.719572 2.27023 1.45732 0.900636 0.34723 0.240849 1.65 0.378836 0.262328 1.68205 0.32973 1.84611 0.730008 0.762936 0.84513 1.93225 2.47328 2.39914 1.72402 1.48371 1.61646 0.888719 0.793428 2.13028 1.44617 1.50318 0.55777 0.721641 0.649579 2.114 1.90461 2.31127 
0.676804 2.65826 1.36592 0.88538 0.421758 0.282328 0.924952 1.19372 0.253844 1.20609 0.323977 0.467505 0.776257 0.565488 0.715213 3.1797 1.76673 2.446 2.34464 0.569057 0.430362 1.14682 0.643362 1.89588 1.41144 0.717256 1.39764 0.740487 1.49909 1.08737 0.806492 2.52806 3.03381 2.27383 
