1.37794 4.16946 
1.84354 4.88212 3.842 4.65124 
10.1885 8.16173 25.3413 6.373 4.73976 18.5528 
7.17697 4.90668 2.92872 31.7081 4.85599 10.334 6.61325 19.3408 
4.29842 2.75931 2.53452 2.51027 26.1213 3.41418 5.15725 6.28921 5.84536 15.9444 
5.5849 3.32011 1.8054 3.26901 1.62201 26.3758 3.98906 4.44055 7.47933 5.39066 5.41217 15.9219 
5.70478 2.84097 3.08065 2.05648 3.97768 2.12528 25.6899 3.80761 5.50645 5.17109 6.33219 4.56506 4.41645 14.8033 
4.23901 2.12617 3.11194 1.18912 1.78485 1.48453 1.81725 24.9153 4.0348 4.87125 4.43937 4.49256 4.46406 5.09721 5.11485 14.7482 
4.74151 4.3151 2.80344 1.7903 3.15165 1.89636 1.938 2.39782 24.2564 2.92892 5.31566 4.01356 4.41429 4.68162 4.49093 5.73929 5.38378 14.2473 
4.44512 4.17466 3.13621 1.305 1.11025 2.88409 1.55742 1.09749 1.36234 21.0296 5.28336 3.09422 4.79543 4.17181 3.43028 4.07949 4.97381 4.71505 4.43958 12.4676 
4.01207 6.2963 4.54234 0.963762 1.65293 2.64027 1.93516 1.21616 2.57078 2.16377 27.6988 5.5618 5.62542 5.19644 6.89011 4.68906 5.23955 4.74714 4.42716 4.82906 5.77098 14.8572 
5.01511 2.86514 2.86174 3.1244 1.2316 6.28554 1.65362 2.14393 2.83214 1.13323 1.66845 24.6436 3.10445 3.85925 4.54146 7.69473 6.09074 5.11877 4.91853 4.55682 5.02384 5.34368 4.81071 15.9123 
4.65675 3.18457 2.55678 2.06187 3.16287 3.00342 1.80348 1.46858 1.15606 2.40442 2.51518 1.42624 24.8156 3.06104 3.94763 4.90476 4.44413 3.89458 4.77906 5.11209 4.65949 5.54483 5.1443 4.72886 4.53745 14.064 
5.35046 1.62162 3.54877 1.20106 2.22499 1.32723 2.38753 2.00007 1.11314 3.3636 2.27485 1.4801 1.52734 20.5031 3.54856 4.77082 5.85932 3.50885 3.96107 4.24851 4.61462 4.4372 4.29932 4.48945 5.14802 4.31296 4.0377 13.8545 
4.55761 1.70552 1.57204 1.27486 1.49861 3.34882 1.47533 3.24974 1.54469 2.11259 1.95485 1.1568 2.83562 1.70325 21.5268 4.65372 3.28166 3.99747 3.83484 4.58182 4.89167 4.90646 3.91799 4.53954 4.59929 5.00023 5.30755 4.70786 5.36668 13.3845 
5.10947 2.91925 3.05965 2.16116 1.83903 1.90946 1.73971 2.45815 1.43316 1.76844 2.44324 1.17347 5.04127 2.90754 1.95238 22.6905 5.02726 4.17049 3.76754 4.62725 7.09023 4.67394 3.88144 4.18314 3.70936 4.06608 5.1477 5.04613 4.12002 4.81088 4.58913 13.1984 
3.61696 4.05695 3.39222 2.20785 2.80611 1.53857 2.38123 0.861769 2.07889 3.99707 2.00891 1.20555 1.25305 2.44525 1.45371 2.42817 21.9867 2.99278 3.86941 4.41253 4.56107 3.88703 3.51357 3.57195 4.42357 4.18162 4.1178 4.08089 4.14661 4.26939 4.95563 5.1681 4.46239 14.1414 
