32.5032 6.11749 
29.2182 5.83014 4.6708 5.73197 
17.2363 0.584213 5.05923 6.91184 2.71931 5.75879 
7.54642 4.87274 0.710945 3.65937 5.37047 3.09707 3.18088 4.14049 
5.94701 3.53568 1.84605 0.603485 4.20568 5.69366 3.17051 3.39454 2.62438 4.10933 
4.06839 2.43416 1.36509 0.399508 2.17516 3.96625 3.81267 3.00518 2.54141 1.28585 3.04935 2.53509 
3.83677 2.25114 1.56769 0.37743 1.54736 1.1779 3.75263 4.31421 2.64978 2.22162 0.981932 1.65295 2.80756 2.65426 
5.66055 3.04728 1.76107 0.460056 0.574226 0.614175 1.30888 4.23105 4.94765 2.66656 3.01924 0.735278 1.24537 2.44443 2.87585 3.31564 
5.67004 2.20548 1.62973 2.0159 0.472395 0.751824 0.51833 1.24784 4.57882 5.20776 3.33061 2.86293 0.527184 1.4254 1.49883 2.68277 2.0923 2.91409 
5.11863 2.39032 2.24899 0.407149 1.17101 0.665316 0.501178 0.884604 1.19939 4.0524 4.49986 3.29347 2.69112 1.05797 0.776304 1.18613 1.34571 2.53511 2.68698 3.94731 
5.68261 2.54339 1.00336 0.482513 0.609518 0.602567 0.546998 0.737341 0.90698 1.72033 3.69358 5.40406 2.84912 2.16561 1.52133 2.47158 1.53917 1.80057 1.75529 1.18333 2.94172 3.11305 
6.06823 3.31762 0.621881 0.594636 0.717504 0.544814 0.691455 0.803144 0.896126 1.3833 1.6757 3.76158 5.6642 2.92891 3.06897 0.598913 0.878138 1.76806 1.02426 1.36374 0.77491 1.44222 2.77435 3.29818 
6.34074 2.59953 0.56988 0.543229 0.525376 1.67396 0.622218 0.709607 0.734834 0.734807 1.2314 3.68463 4.81488 5.59962 1.99931 1.93973 1.38726 0.968287 1.29348 1.22132 1.70846 2.0247 0.817253 1.40659 2.60094 3.89964 
5.81878 2.66963 1.88734 0.878947 0.497479 0.952043 0.576235 0.847547 0.683975 0.943962 1.07277 1.52767 1.87754 3.80304 5.35328 3.15716 2.80209 0.452148 2.93479 0.796347 1.58267 1.68314 1.41926 1.24971 0.759324 1.12211 3.17731 3.73589 
6.38975 3.04803 1.3794 0.573978 0.490523 1.44028 0.680284 0.688066 0.706238 0.922812 0.938418 1.19143 1.09968 2.55934 4.19152 5.58857 2.52176 3.16025 0.457714 1.65658 1.22499 1.96855 2.38308 2.74967 1.16627 1.06848 0.963058 1.54939 3.11328 3.38398 
5.93605 3.0433 1.16014 0.54218 0.640763 0.615979 1.1276 1.03125 0.999578 0.636187 2.22681 1.02722 0.935172 1.23327 1.96776 3.98514 5.20576 2.80585 3.11534 0.588051 1.64472 2.25346 0.799166 1.29435 1.38481 0.844678 3.1503 0.802814 1.40431 2.56406 2.466 3.89062 
5.99472 3.56927 1.10096 0.444424 1.516 0.73435 1.74396 0.783621 0.709087 0.801528 0.762586 1.08094 1.19036 1.34952 1.31788 2.06454 3.85654 5.61807 2.27233 2.60864 0.569646 0.491842 0.701293 1.22891 1.96886 1.92459 0.960448 3.30885 1.16191 1.30872 0.925754 2.34755 2.7668 4.00397 
