0.545432 2.04201 
0.241586 1.98398 1.11273 2.49474 
0.344531 4.04187 2.22719 1.2342 0.735532 2.80568 
0.509823 2.5172 0.823114 2.27285 2.30788 2.04177 1.52912 2.23488 
1.60747 2.45016 1.28476 0.523716 1.68794 4.87959 1.73432 2.2716 1.76231 3.16323 
3.49794 2.60947 3.05394 0.52488 0.832577 2.12344 6.08137 1.81544 3.45412 1.93724 3.42335 3.17215 
2.88907 2.89004 2.351 1.11793 0.42412 0.871496 3.48436 6.28123 2.57204 2.14981 1.52161 1.95701 3.94321 4.2862 
3.3816 2.34485 2.59972 1.04964 0.327453 1.53203 1.10695 3.05687 6.7307 2.85366 2.61592 1.30554 1.67671 1.94853 4.33611 4.52813 
3.13819 2.18304 1.44745 1.65376 0.902961 0.320528 1.94046 1.18786 3.78525 4.42865 2.67119 1.80931 2.36173 2.56636 1.17745 1.0612 2.59909 3.63946 
2.68763 1.80873 2.06652 1.50354 1.75468 1.75217 1.7184 0.348495 1.49656 2.89241 3.74652 2.55413 2.37608 2.07603 1.04591 1.59144 1.63235 1.35207 2.60296 3.57738 
3.21091 1.83079 2.04927 3.41984 1.45134 0.449589 0.303101 1.84322 0.408561 1.53874 3.03078 4.00574 2.82953 2.17461 2.03879 2.2023 1.28484 1.38881 1.1958 1.23268 2.88775 3.08207 
2.98324 2.0165 2.44937 1.40093 1.97412 2.71629 1.06592 0.330965 1.17016 0.381092 1.482 3.48763 3.44194 2.76328 2.08484 2.5406 2.20799 1.27844 0.96284 1.20973 1.47253 1.43509 3.32226 2.48792 
4.60061 2.02553 3.15683 1.75971 2.04721 1.85873 0.336522 2.13093 1.3415 1.50376 2.02279 1.97406 3.64001 4.45039 3.50828 2.42865 3.11857 2.57133 1.79525 0.841286 0.964209 0.854662 1.41818 1.13715 3.79762 4.67431 
4.39019 2.25085 1.6723 1.89729 2.11997 2.36863 1.79632 0.314846 2.17018 2.87156 1.66246 0.857845 2.30446 4.03035 4.14752 3.83982 2.21607 2.85856 3.11387 1.94619 1.13951 1.75911 1.4527 0.724346 1.44691 0.879747 3.3746 3.78093 
3.3138 1.58783 1.78715 2.14676 0.513491 0.693312 0.340909 1.10197 1.44427 0.323697 0.971233 0.481686 0.441635 3.2 2.57109 2.88006 2.45375 2.38261 2.22716 1.92305 1.64127 1.12912 0.815497 0.88543 1.00309 1.02188 2.07647 1.93866 1.89927 3.80872 
3.66023 2.71267 1.92006 2.00623 2.11164 0.674116 0.413581 0.999174 0.265888 2.43635 1.83649 1.17363 0.391241 1.92343 3.40655 3.17618 3.04015 2.7858 2.93481 2.00827 2.64459 1.7833 1.02984 1.9379 1.85953 0.854717 0.831935 0.879887 1.413 0.92073 2.71939 3.30653 
3.01523 1.66734 2.23626 1.92414 1.60161 1.68793 2.11491 0.326289 1.47864 1.20688 0.313656 2.65474 0.33306 2.02453 1.95365 1.71338 3.60829 3.87389 3.36592 2.07278 2.09627 2.23674 0.776845 1.19431 1.03223 1.16296 0.804522 1.16607 2.66449 1.2803 1.05284 0.955869 2.95016 3.81178 
