0.62415 2.104 
5.38371 4.58949 5.33299 7.67895 
2.93451 2.64369 1.84405 3.41759 1.25458 5.01634 
2.90906 2.113 0.84549 2.76771 2.66664 0.988451 1.67684 4.10844 
2.14282 1.77255 0.856414 0.936614 2.41834 2.97827 0.894026 1.08463 1.51581 3.63377 
2.81175 2.00819 0.875901 0.918136 1.0008 2.56926 2.81063 0.850348 1.01383 1.06774 1.56316 3.62644 
2.45084 2.17174 0.802025 0.958369 0.960574 1.18394 2.24298 2.59447 0.748545 0.998584 1.01433 1.3355 1.43129 3.69722 
2.70147 2.18106 0.778792 0.918221 0.869675 1.04617 1.15357 2.90641 2.58425 0.759826 0.913625 0.951454 1.43584 1.22954 1.84196 3.37987 
2.47408 2.6424 0.875227 1.00071 0.959946 0.841974 1.00612 1.23092 2.74217 2.90431 0.731573 0.870428 0.945716 0.978127 1.27793 1.34424 1.83092 3.18888 
2.22409 1.61357 1.0383 0.965524 0.91474 0.969077 1.02834 0.985887 1.32519 2.40898 2.60898 0.71929 0.802347 0.810243 0.96632 1.26149 1.25885 1.32167 1.37551 3.07581 
2.75359 2.20819 0.854871 0.99139 0.820264 0.952672 1.05051 0.848559 1.02308 1.25139 2.62585 2.25401 0.725135 0.847802 0.73622 0.946277 1.07891 1.05529 1.26497 1.63984 2.09106 2.6911 
2.53308 1.88306 0.87783 0.90242 1.04667 0.906467 0.967814 0.887422 1.0697 1.10596 1.24623 2.8027 2.09106 0.875881 0.727163 0.783895 0.991929 1.0024 0.983301 1.19492 1.32157 1.3157 1.6202 3.29711 
2.272 1.67259 0.797591 1.03105 0.929334 0.921007 1.02056 1.06159 0.94805 1.01568 1.19974 1.42376 2.89694 2.3057 0.814441 0.731948 0.931383 0.921995 1.00628 1.06357 1.09058 1.1557 1.32351 2.15842 1.69537 3.26027 
2.46604 2.08935 0.973727 0.930817 0.975675 0.893661 0.915998 0.942371 0.967407 0.994758 0.935372 1.09511 1.30095 2.93692 2.18063 0.82343 0.672518 0.799217 1.00775 0.951761 0.943624 1.02969 1.28446 1.15227 1.41747 1.47465 1.69014 3.02373 
2.46066 1.56515 0.804405 0.820868 0.92487 0.845601 0.927168 0.958079 0.999818 0.993793 0.947584 1.02869 1.07603 1.6405 3.31882 2.24837 0.848138 0.700332 0.730117 1.10693 1.0313 1.1508 1.08002 1.01611 1.18418 1.32636 1.30834 1.37832 1.88964 3.22611 
2.43695 2.41116 0.988654 0.860971 0.974528 1.31145 0.879811 1.10911 1.11802 1.03548 1.07294 1.21057 1.1011 1.03194 1.35389 3.47451 2.37085 0.831425 0.829417 0.822835 0.847546 0.900818 0.927296 1.13494 1.21199 1.23043 1.34969 1.25884 1.67088 1.61266 2.54732 2.95717 
2.76637 1.96812 0.864187 0.932455 0.918027 1.00302 0.939432 0.959456 1.05735 0.944256 1.28642 0.99892 1.01594 1.12278 1.07596 1.47391 3.61788 2.71493 0.862667 0.766803 0.803442 0.898012 0.871743 0.949841 1.03814 1.2507 1.26832 1.17162 1.41552 1.78534 1.41433 1.83553 1.81326 3.79229 
