0.68568 0.936965 
9.03316 11.2169 39.1329 11.5663 
4.48005 4.70745 4.31314 1.31912 0.937389 3.60234 
-0.343439 2.62899 1.76942 2.75234 1.45427 3.86368 1.18964 2.18992 
-8.3602 31.9284 12.7086 1.52822 7.15657 -4.7637 8.8564 3.84127 4.87019 3.58271 
1.1341 -0.187493 1.46268 1.26108 0.712531 4.97279 0.504775 0.871589 0.536375 0.550616 1.80689 3.59852 
1.20891 -0.183781 1.06693 1.19368 0.793249 0.918813 2.25766 0.472538 0.851184 0.471595 0.691298 0.604712 2.06229 3.1696 
1.87208 -0.133054 1.28772 0.889342 0.676237 1.13036 1.05908 2.4172 0.558119 0.718698 0.548678 0.593463 0.47787 0.596073 1.906 2.98073 
2.45101 -0.11832 0.833734 0.437409 1.21988 0.720841 0.721041 1.48968 2.46427 0.508607 0.491588 0.792872 0.706038 0.494877 0.723162 0.763171 1.97324 2.72783 
2.62607 -0.120336 2.55272 0.824865 0.860834 0.620356 0.771553 1.20944 0.751801 2.826 0.536878 0.928075 0.106182 0.764942 1.17313 0.412925 0.602404 1.12331 2.12594 3.03699 
2.1863 -0.228306 2.46296 1.10181 0.395925 1.10388 0.713032 0.941194 0.750504 2.66927 2.23442 0.479706 0.377083 0.0833403 1.33742 1.70151 0.682467 0.636497 0.682244 0.815648 1.05214 2.59243 
2.46163 -0.659926 1.87862 0.984501 0.856237 1.35919 1.14551 0.807693 0.927474 0.989323 3.14147 1.54668 0.604952 0.066942 0.559827 1.57009 0.0757314 0.319462 0.838721 0.50328 0.7734 0.802138 1.8437 2.70656 
2.95138 -0.773442 2.51482 0.716145 0.559945 1.00247 1.64417 0.751948 0.620057 1.04027 0.677673 2.56373 2.09545 0.447019 0.293686 0.647119 1.78523 0.0751309 0.818625 0.511981 1.49967 0.406819 1.26838 0.672378 0.992254 2.80903 
1.1168 -0.175411 3.36474 1.64324 1.65985 1.06663 1.06912 1.37611 1.19737 0.871214 0.711526 0.953704 1.0118 2.72738 0.358326 1.26197 0.0376847 0.626931 0.567805 0.141271 0.384515 0.595166 0.586977 0.67855 0.637295 1.08878 3.46124 2.41222 
2.83736 -0.112493 2.33084 1.11797 0.975358 0.597718 0.683245 0.822391 0.512128 0.709664 1.22373 1.25646 0.839492 1.48057 2.47715 0.613817 0.228925 0.0558485 0.0946522 0.196253 2.04194 0.491794 0.549552 0.70557 0.988077 1.34709 0.733665 0.889024 2.47605 2.86295 
3.75705 -1.3196 2.21568 0.633863 0.411265 0.797821 0.745061 0.870749 0.308125 0.807319 0.506749 1.76822 0.805678 1.47493 2.33737 1.41788 0.671811 1.1212 0.494381 1.6819 0.0575781 0.125032 0.699391 0.495522 0.590008 0.530947 0.836801 0.587981 0.782549 1.05193 1.53835 2.18344 
2.91894 -0.12403 1.90533 1.21628 0.673817 0.629803 0.786937 0.438467 0.489803 1.41908 0.431855 0.843581 0.833437 0.839298 1.31029 2.14843 2.68509 0.470224 1.09875 1.39945 0.0708196 0.839262 0.134449 0.915823 0.874745 0.402515 0.675639 1.4928 0.624052 0.765091 0.738768 1.02058 2.92803 3.32033 
