1.10835 3.12106 
1.49498 1.74202 0.854822 2.58988 
1.90244 0.944578 2.09757 1.83758 1.23752 2.01083 
2.23834 0.766565 1.51422 2.54247 2.25033 1.30076 1.33504 2.60575 
2.20692 0.813103 1.82538 1.67962 2.67058 2.08826 1.78261 1.04406 1.68988 2.02414 
2.38555 0.622011 1.53758 1.15056 1.40583 2.907 2.74061 1.65809 1.20936 1.19727 1.5887 3.05397 
2.44863 0.671372 2.16731 1.62497 1.04892 1.52089 3.43287 2.21143 1.87036 1.03979 1.27722 1.44614 1.59585 3.78756 
2.55492 0.805795 1.58796 2.28151 1.53679 1.31923 1.5216 3.98379 2.08062 3.59772 1.77804 1.4016 1.44492 1.64672 1.73276 3.70397 
2.53543 0.71102 1.68328 1.61913 1.56148 1.29303 1.16679 1.8084 4.27394 2.11752 2.37838 1.43695 1.56121 1.14059 2.05788 2.27109 1.92624 4.00071 
2.62672 0.755892 1.67422 2.01243 1.09465 1.79977 1.93096 1.39563 1.41682 4.69331 1.96673 2.1902 1.75699 2.18285 1.43579 1.64528 1.25573 1.47206 2.35542 3.96883 
2.77067 0.727713 1.60416 1.46822 1.0223 1.74734 1.13558 2.26247 1.82205 2.12152 4.22636 2.01058 2.83014 2.68129 1.54346 1.52427 1.30596 1.61045 1.79156 1.89908 1.86439 3.76157 
2.68331 0.633829 1.96222 1.95952 1.85943 1.23278 2.86351 1.86137 1.64858 2.59948 2.14459 3.21318 2.65774 2.01109 1.71829 1.8361 1.90228 1.84281 2.60044 1.85874 1.91121 2.10564 2.13652 3.04593 
2.56824 0.709365 1.86582 1.66675 2.62864 1.79847 1.87442 1.13351 1.55898 1.56586 1.91087 2.21467 3.82621 1.97336 2.1655 1.80211 1.89965 1.88964 2.36113 2.3049 1.83287 1.83636 1.75602 1.54525 1.83237 3.41193 
2.6352 0.708022 2.14011 1.92875 1.85452 1.27897 1.37757 1.03271 1.74221 1.81314 2.16691 3.29262 2.31145 3.59615 1.99208 2.30287 2.30566 1.81608 2.23513 2.12531 1.85582 1.68807 2.09224 2.04634 1.96056 2.91339 2.07674 3.23146 
2.67822 0.652893 1.90863 2.16156 2.08208 1.26173 0.885362 1.16533 1.76294 1.23769 2.02605 1.62218 2.06856 1.84138 3.92516 2.05769 2.32909 2.07262 1.79502 2.18819 1.76199 1.53825 2.00504 2.42083 1.87312 1.66954 2.09528 2.24521 2.37274 3.22984 
2.68508 0.695554 1.59218 1.74534 2.34544 0.953805 1.38126 2.52239 1.2493 1.9534 1.65097 1.82535 2.00753 2.87593 2.03961 3.88585 2.06565 2.2024 1.94498 1.71294 1.71259 1.71348 1.46777 1.84915 1.89616 2.5406 1.88321 1.93197 2.35074 2.20103 2.71553 3.58541 
2.59782 0.752196 2.48912 1.88116 1.99598 0.885151 2.45604 1.92799 1.6295 1.05243 1.88889 2.00591 2.80178 1.53345 1.87811 2.52127 3.72608 1.8982 2.05935 1.90277 2.24141 2.04493 2.001 1.42762 1.661 2.21367 1.77577 1.98345 2.28597 2.09638 1.94442 2.19265 2.31507 3.58244 
