2.11794 1.48533 
2.02698 2.20198 0.497519 2.35569 
2.78528 0.983249 2.87354 0.299136 0.934907 2.46662 
1.72952 2.06689 1.14123 1.89122 -0.338902 2.42905 1.57194 2.65053 
2.46495 1.24456 1.31984 1.76985 3.87614 -0.450017 2.045 1.19572 1.95654 3.87377 
2.35845 -5.80686 5.624 2.62397 2.52414 2.69729 -1.60548 11.6139 5.99414 3.28503 1.83393 3.51421 
3.77435 -5.90506 6.18076 2.55105 0.637076 4.41944 3.92728 -0.837879 13.901 7.23418 2.23917 2.17184 1.58342 4.79642 
1.9569 -3.12484 1.72801 1.53279 0.312455 1.1827 1.56691 3.10905 -0.565737 4.59543 2.56356 2.3938 3.59669 1.85633 1.90702 2.85141 
2.6091 -0.23973 0.852182 0.543981 0.373384 0.358561 0.766617 2.7394 2.80714 1.05235 1.23755 1.31247 0.982723 1.17322 1.27534 1.13284 2.30546 2.70567 
1.87154 -1.36936 0.719134 0.48979 0.243989 1.2334 0.437691 0.470772 2.0206 3.06358 0.42727 0.842802 1.53621 0.93183 0.952664 0.659844 1.11799 1.08207 2.3033 2.86122 
1.71748 -0.20398 0.673764 0.39667 0.418853 0.389859 0.349231 1.26132 1.43732 1.35445 3.0039 0.958519 1.73771 0.837765 0.908819 0.71825 0.973955 0.853859 0.672118 0.748408 1.6506 3.80073 
2.06158 -0.204458 0.770893 0.711181 0.306657 0.721423 0.349205 0.351965 0.633017 0.528529 2.17995 3.08129 1.01078 1.29703 1.40041 0.989817 0.957711 1.21473 1.3409 1.31856 1.37891 2.50912 2.20602 2.81579 
2.33905 -0.190075 0.858274 0.52808 0.370627 0.465773 0.306848 0.954853 0.421024 0.502635 0.620265 1.86695 2.45217 1.05323 0.87381 1.08313 0.997623 0.931809 1.60422 1.15963 0.807513 0.787098 1.17086 2.1597 1.21473 3.19303 
2.56942 0.472811 -0.210037 0.38475 0.281392 0.258779 0.303383 0.390705 0.355478 0.433066 0.420115 0.552412 1.6163 2.75771 -0.225634 1.26158 0.692307 1.1858 1.07195 1.10394 1.07204 1.36146 1.46972 0.882481 1.29455 1.58833 2.28711 2.91528 
2.6992 0.484344 -0.298468 0.618218 0.275378 0.231063 0.32067 0.366061 0.356908 0.3615 0.466911 0.513714 0.634364 1.57346 2.74647 -0.0967582 1.03697 0.888619 1.10842 1.01532 1.07776 1.10641 0.970757 1.22011 1.00065 1.18503 1.18455 2.304 1.97293 2.87222 
2.57519 0.997981 1.36302 0.783537 0.575511 0.820657 0.455438 0.516763 0.493365 0.829525 0.596537 0.625792 0.484614 1.29018 3.2996 1.86661 -0.456268 1.69357 0.707634 0.699186 0.4043 1.13565 1.43833 0.740952 1.06192 0.738773 0.803441 1.26386 1.0359 1.4355 2.06669 3.0182 
2.46511 -0.223872 -0.756565 0.477112 0.273964 0.268001 0.406063 0.400062 0.380351 0.394221 0.374751 0.466334 0.463608 0.535135 0.650304 2.52335 2.42731 -0.445515 0.925402 0.781784 1.10758 0.925641 0.86709 0.613465 0.872424 0.779397 0.878385 0.869703 0.907664 0.999605 1.02873 0.896087 2.26264 2.94615 
