0.172861 1.86805 
9.77076 9.04729 25.7266 8.80069 
-3.99986 1.81461 1.80526 3.15203 2.2844 2.32896 
-4.81818 2.58462 2.48788 3.60563 4.06799 3.16956 3.11867 3.07015 
-4.05976 1.91701 1.7866 1.65963 2.98984 3.16484 2.54262 2.35098 1.88189 2.86539 
-4.70672 2.21673 2.63889 1.98113 1.87608 2.87938 3.56288 2.36611 2.42215 2.75764 2.13045 2.58492 
-3.91212 1.84307 1.28946 1.77203 2.24412 1.58066 2.00416 2.67637 2.16173 1.63151 2.19072 2.21902 1.8802 2.04369 
-3.86484 2.31233 1.79455 1.53152 1.7591 1.40442 1.64273 2.01434 3.41591 2.2355 2.15949 3.06241 1.98572 2.12445 2.19328 2.78227 
-4.13882 2.19964 1.61047 1.85199 1.69282 1.85121 1.95053 1.96088 2.37321 3.05105 2.94013 2.01277 2.16905 1.85075 1.89465 2.23812 2.33866 2.29915 
-4.73076 2.03475 1.60102 1.94819 1.63914 1.87305 1.5649 1.88161 1.63042 3.19362 2.90259 2.40297 2.18242 2.23329 1.88744 2.38752 2.13838 2.03312 2.69201 2.42556 
-4.6276 2.34479 1.48944 2.28151 2.19297 1.91646 2.06622 1.81545 1.83472 1.81562 3.40186 3.10092 3.16514 2.12564 2.43069 2.00807 3.2132 2.18785 2.50397 2.69164 2.5336 3.04915 
-4.46129 2.16869 2.08844 2.91629 1.99619 1.58517 1.87759 2.01579 1.91842 2.09593 2.29479 2.79293 4.11371 3.44277 2.21324 3.3837 2.03387 2.34379 2.4267 2.31253 2.14844 1.93214 2.39949 2.75586 
-4.33899 2.09954 1.89605 1.93808 1.69357 2.09348 1.74796 1.74253 1.57271 2.11201 1.73925 1.88352 2.50248 3.17475 2.5404 2.29284 1.92135 2.06364 2.2007 1.95806 2.03276 1.86634 1.85784 2.3713 2.6102 2.17555 
-4.76461 2.13445 1.93412 2.89391 2.17068 2.46375 2.50297 2.51898 2.36701 2.19688 2.92071 2.93444 2.04902 2.75627 3.25294 2.43531 2.36473 3.35938 2.37696 2.65885 3.01426 2.27204 2.5196 2.2258 2.60272 2.12425 3.34951 2.54463 
-4.20784 2.00123 2.3143 2.37292 1.67183 1.8945 1.54247 2.02105 1.60894 1.89661 2.05572 2.15964 1.6674 2.27858 2.44909 3.31584 4.26637 2.77641 1.93951 1.87846 2.22881 2.37338 2.22455 2.18919 2.3563 1.92927 2.22019 1.97629 2.01303 2.52243 
-4.4936 2.06861 2.01483 1.73818 1.87372 2.61208 1.5549 1.81087 2.59843 2.07579 2.36171 1.95393 1.75618 2.56288 1.57773 3.87844 3.20924 2.6818 1.92203 2.08092 2.25305 1.96576 1.93365 1.90757 2.25056 1.89102 2.29722 2.08114 2.12465 2.04762 1.90677 3.79826 
-4.26443 2.30773 2.78236 2.18885 1.60827 1.88825 1.83795 1.536 1.63734 2.51605 1.96578 1.62234 2.20166 2.07289 1.87293 1.82775 3.27121 3.13813 2.49217 2.29602 2.47938 2.05032 2.01762 2.23538 2.04653 1.99818 2.04492 1.79601 2.05623 2.17461 2.36805 3.08055 1.97905 3.37984 
