30.5611 2.2179 
16.0597 3.76236 2.56889 2.64488 
12.6149 2.41196 4.42723 1.17958 4.78039 3.4258 
10.4215 2.35788 3.49477 3.68616 1.20539 4.9729 1.38054 4.15846 
8.61739 2.04564 3.44047 4.13615 3.37833 1.18484 1.88114 1.08819 0.960687 4.15699 
1.55023 1.73034 0.592332 1.46859 2.79112 2.185 -0.941104 1.95829 1.64628 1.30556 1.77586 2.72479 
2.65834 1.11839 0.345044 0.493311 1.50632 2.55537 2.06724 0.096391 2.21993 0.949868 0.57841 0.960484 1.04023 3.55622 
4.99984 1.3859 1.87939 0.280247 0.478254 0.552813 2.3867 3.04613 0.885471 2.59552 0.702255 1.73511 1.48171 1.40642 1.10097 4.32882 
4.55422 1.49587 2.10743 0.273027 0.458767 0.591447 1.46855 2.75839 2.72738 0.805981 3.59708 0.677837 1.10849 0.559157 0.673886 0.758502 1.78778 4.6335 
4.58928 1.45215 2.38893 0.269167 0.47126 0.390872 0.587549 0.813454 2.25281 2.63523 0.849902 2.61866 0.72476 0.768818 0.68673 1.59694 1.35702 0.933555 1.16282 3.87589 
4.13719 1.49135 2.54686 0.233225 0.604152 0.4276 0.470272 0.77033 2.52358 1.89118 2.36559 0.79285 2.75254 0.996857 0.850779 0.95455 0.624651 0.728242 0.93071 0.805192 1.81114 4.32237 
2.65902 1.70646 2.1356 0.249769 1.95273 0.481189 0.466698 0.629632 0.904776 0.904156 2.0116 2.20956 -1.00249 2.91962 1.03064 1.40446 0.635319 0.699525 0.796053 1.49373 0.707177 0.851657 1.57044 4.79587 
0.00455436 1.03741 0.194718 0.997539 1.00725 0.715869 0.571631 0.638088 0.680173 0.658214 0.871199 3.20309 2.65499 0.335271 2.11751 0.979737 0.80613 0.366302 0.53162 0.69891 0.508565 0.853533 1.01273 0.778569 2.18071 3.17714 
1.71581 2.3079 1.06955 0.25821 0.937961 0.536198 1.02716 0.537001 1.41831 1.57066 2.21354 0.841257 3.49221 2.8389 -1.20997 2.93061 1.37896 1.36024 0.68263 0.731988 0.478267 1.35058 0.450574 0.683155 0.619806 1.19869 2.37124 3.38074 
0.339875 2.55144 2.1478 0.654861 0.678764 0.732786 1.35377 0.705098 0.861617 0.823456 0.848964 1.91243 1.08676 3.01986 2.79349 1.33821 2.1743 1.50032 0.243685 0.93583 0.380601 0.498169 0.509661 0.626144 0.64466 0.955919 0.764594 1.027 2.08916 3.20596 
-0.00792029 1.52768 2.12101 0.28642 0.733405 1.06033 1.03803 0.997784 0.625909 0.628553 1.07819 1.13936 1.05863 1.94848 3.76629 2.89946 0.727862 1.88406 0.331113 0.868047 0.357705 0.332176 0.992252 0.579074 0.755751 0.432645 0.598566 0.699217 1.47365 0.983244 1.49286 2.24729 
0.305635 0.430104 2.46273 0.824349 0.808214 0.32064 0.851448 1.68241 1.1289 0.582544 1.70621 0.75917 0.756345 1.01871 1.93319 2.77732 2.76894 0.911573 1.40553 0.264181 0.392039 0.537599 1.50751 0.366295 0.587461 0.569196 0.490665 0.454694 0.970936 1.38211 0.745227 1.00745 1.89176 3.55874 
