0.592943 2.38706 
1.99913 8.01975 6.74961 5.01698 
1.40478 3.08892 3.3863 3.32025 3.22383 3.07565 
1.20958 2.81948 1.77361 3.45728 2.13894 1.79076 2.55848 3.67006 
1.48969 3.22348 2.16818 2.38754 3.10908 0.944074 0.403865 0.389042 1.83871 2.33669 
9.38849 4.20789 2.5198 1.95097 3.39004 5.68669 -0.924029 1.46498 2.63133 2.1412 2.14787 6.67891 
1.82286 2.41978 1.54691 0.683025 1.19531 3.2043 2.50079 0.389138 0.30403 0.405381 0.368206 0.655765 1.89104 2.9322 
1.97935 1.12533 1.09372 0.825889 1.29099 1.03062 3.85663 2.39583 0.842388 0.361978 0.306765 0.428505 0.399812 0.736378 2.1991 3.55623 
2.4659 1.82921 1.15406 2.0946 0.919865 1.07304 1.89731 3.0126 2.75311 0.483225 0.343427 0.328419 0.361359 0.45639 0.474476 1.25387 1.974 3.20561 
7.72591 5.57053 1.77772 1.00076 1.45419 1.9136 2.10146 2.69025 3.07708 5.69073 -0.949103 5.46413 4.11485 1.83393 1.0476 0.938115 1.75596 2.17532 2.53522 7.0795 
2.27337 0.695892 0.15072 0.408719 1.545 0.927842 0.829959 0.948124 0.781368 3.72648 3.6158 1.18369 0.590106 0.485002 0.490754 0.383012 0.413625 0.445838 0.901528 1.14453 2.14928 2.94635 
9.70637 3.87214 1.64069 1.08543 1.57385 1.96946 2.30189 2.26042 1.91111 1.79678 3.54454 6.48161 -0.942235 5.72618 2.3009 2.32709 0.836997 0.998571 1.31813 1.56651 1.97919 2.66093 2.38295 7.64389 
2.17374 0.0248906 0.439557 0.295334 0.520192 0.805641 0.404212 0.725932 0.680366 0.77688 2.54544 3.2018 4.40338 0.557445 0.781338 0.463494 0.800079 0.318109 1.10043 0.947648 0.687703 0.75307 0.682368 0.978941 2.68378 3.95983 
2.06367 0.0369224 0.228909 0.620463 1.63117 1.07572 1.74843 1.9356 0.776941 0.929822 1.4917 1.45289 1.42513 3.65434 0.293698 0.762985 0.677851 0.299032 0.341068 0.748306 0.4331 0.362948 0.668089 0.833103 0.68404 1.31415 2.2902 3.01991 
2.64028 0.472463 0.30547 0.908635 0.419989 0.366711 1.00456 0.528308 0.597095 0.787493 1.11173 0.836641 2.65336 3.50371 3.6341 0.877468 0.641068 0.633752 0.268194 0.57742 0.351347 1.24844 0.553235 0.4745 0.522944 0.701901 0.870195 1.24254 2.469 4.66581 
9.53949 4.95946 1.81109 0.997852 1.35921 1.51063 1.44616 1.96057 1.58345 1.83083 1.40688 2.92128 1.52669 2.01036 2.85737 8.95991 -0.865088 6.3193 3.00262 1.97599 2.20996 1.28213 1.10795 0.859527 1.03364 1.60945 0.964025 2.59393 2.15704 2.87601 2.50403 8.95506 
8.14576 4.597 1.40425 1.00838 1.2059 1.77134 2.95168 1.57359 1.29628 2.7274 2.48126 1.36317 1.8486 2.3307 4.30741 2.74121 8.32518 -0.879453 5.07056 3.23198 2.04739 1.0331 1.68828 1.18013 1.6857 0.939343 1.17727 1.13368 0.982055 1.44048 2.10115 2.36735 2.62846 8.299 
