4.38292 8.89821 
1.0909 1.08546 0.284779 2.06936 
1.20455 0.851326 1.08821 0.244578 0.422178 2.38219 
1.39143 0.357218 0.408367 2.08247 0.343753 0.392269 0.65138 2.36232 
3.12648 7.88816 0.91668 3.19979 4.37411 -6.41293 2.13764 2.98398 5.94589 4.0978 
3.90431 5.90232 0.939075 0.931228 2.77083 3.64009 -5.62784 1.67924 2.4798 1.85171 3.85816 3.33054 
2.49437 4.24281 3.32868 0.315066 1.04195 2.5705 3.67454 -3.82549 1.30104 1.53844 1.20411 1.64755 2.46039 4.616 
2.59608 5.41917 0.776242 2.47695 0.82931 1.55834 3.84365 3.76042 -4.27128 1.07556 2.01636 1.78313 0.952737 1.90545 3.19352 3.84986 
1.80324 2.75059 2.02233 2.11126 2.06354 1.53549 0.752211 1.19304 2.29479 -1.53125 0.738886 0.292654 0.323264 0.398565 0.684437 0.830081 1.55345 2.76916 
2.48812 2.86006 1.39509 2.07279 2.17904 1.0055 0.94067 0.883571 1.01298 2.57551 -1.39602 0.775367 0.258386 0.273514 0.330791 0.537352 0.737785 0.811002 1.3296 2.88159 
2.77201 2.95795 2.33821 2.04002 2.14961 2.04941 1.98164 1.0231 1.16146 1.25387 2.42574 -1.79627 1.09077 0.227882 0.278322 0.282535 0.318684 0.565386 0.63611 0.75075 1.0812 4.37939 
2.38256 2.856 2.64632 2.28191 2.04354 2.68285 1.05298 1.32303 1.13536 1.12588 2.22854 2.68973 -1.29773 1.1014 0.252352 0.249692 0.243586 0.32337 0.347802 0.561981 0.771016 0.80406 1.18629 2.58392 
2.27861 2.61192 2.04147 2.61122 1.38834 2.07976 1.67313 1.80918 0.5409 0.733693 1.27046 2.23026 2.48712 -1.99655 -1.15631 0.456557 0.507849 0.292425 0.307822 0.623416 1.18434 0.662903 0.868479 1.217 2.0513 2.65657 
2.25509 2.60262 1.76616 2.1823 2.15514 2.07747 2.04584 0.908503 0.828646 0.931118 0.910864 0.887815 2.21758 3.11384 -1.2989 0.55869 0.240745 0.271958 0.253826 0.486582 0.634323 0.323713 0.448689 0.574822 0.82512 0.835228 2.38448 2.75116 
2.23177 2.61334 2.56398 2.26389 2.35271 2.02792 0.860193 0.80933 0.863235 1.22865 0.914949 1.03732 0.905243 1.9401 3.02271 -1.54194 0.744947 0.23231 0.251365 0.255877 0.247515 0.543147 0.288242 0.695815 0.631984 0.484925 0.816428 0.671744 2.06311 2.85741 
2.5941 2.41282 3.12137 1.94554 2.34378 1.98598 1.70734 1.82447 0.914688 2.00301 0.967273 1.49044 0.530957 1.14366 2.65675 2.72396 0.655759 0.843334 0.957091 -0.69723 0.769093 0.208872 0.798022 1.22041 0.241548 0.281997 0.358169 1.04465 0.646152 2.13154 1.97608 2.33188 
2.23592 3.0876 2.0588 2.20117 2.42808 1.85444 2.29391 1.44229 1.16527 0.913916 1.31041 0.655248 0.875084 1.36056 1.01256 2.16598 2.287 -1.15425 0.707683 0.228224 0.305338 0.248449 0.263519 0.282493 0.296278 0.449852 0.759567 1.20994 0.618844 0.622477 1.25634 1.01972 3.305 2.10674 
