2.49642 2.48474 
9.90216 8.27363 4.14852 5.04308 
4.62363 8.49779 6.71386 4.38597 5.28093 6.01841 
2.28164 2.87861 2.17573 2.56965 0.906428 0.311293 3.01891 2.75026 
1.14792 2.81182 1.75288 2.89194 2.0911 1.8149 0.2835 0.463169 1.93853 3.17755 
2.26014 2.49415 2.26628 3.11982 3.37945 2.90905 0.997574 0.285516 0.40088 0.523374 1.80361 3.07611 
2.19205 2.30678 0.637227 2.26782 2.8413 2.56473 1.77632 1.51476 1.61312 0.783984 0.271799 0.688954 1.20116 3.87166 
1.70114 2.29155 1.00298 1.12942 2.87114 1.92417 2.60419 1.90047 0.845315 0.291778 0.413281 0.362381 1.84305 1.36264 2.01066 3.28269 
2.68454 2.42651 0.816191 1.10306 1.71953 2.6978 2.4485 2.31423 1.97003 0.971134 1.78909 0.301294 0.383185 0.360826 0.814542 0.885846 1.99331 5.13257 
1.24671 2.23048 0.573386 1.32277 2.1067 1.13066 1.06797 2.09689 2.46771 1.97425 1.99861 1.83285 0.311891 0.556557 0.406779 0.469514 0.556207 0.829302 1.5969 4.56804 
2.65623 3.62607 1.65518 0.75012 1.48755 1.36037 0.975621 2.71766 2.45759 2.58229 1.81237 0.792597 0.291683 1.07384 0.39396 0.479628 0.482565 0.599289 0.537658 0.732508 1.38406 5.4409 
1.4556 1.62665 1.19195 1.64437 1.05262 0.694335 1.20783 0.956832 2.84799 2.95083 2.45143 2.16911 1.06091 0.280851 0.986343 0.336652 1.06304 0.500952 0.518211 0.541425 0.578622 0.828238 1.58343 3.80989 
2.40145 2.32105 2.09565 0.694851 0.708437 0.942014 0.894959 1.32622 0.853694 2.79843 3.30307 2.07836 1.82941 1.06429 0.278723 1.26044 0.364827 0.663283 0.526543 0.851488 0.493915 0.688272 0.529308 0.947687 2.05116 3.83679 
1.92063 1.98137 0.763078 1.36734 0.759725 0.790292 1.99038 1.55143 2.04738 0.950617 1.76737 2.88941 2.62366 1.95294 1.19115 1.61124 0.300603 0.60452 0.467465 0.498713 0.463675 0.542139 0.524534 0.54892 0.729352 0.733178 1.50396 4.42179 
3.06726 1.80962 1.21586 1.50379 1.3505 0.897047 1.07178 1.58136 2.32214 1.37008 1.78307 2.56375 2.02617 2.01609 2.23906 0.674088 0.349524 0.381872 0.671477 0.453503 0.49476 0.496043 0.516061 0.630262 0.574333 0.613443 0.81264 0.992679 1.83566 5.16428 
1.76682 3.25047 0.789287 0.695557 1.18555 1.33362 1.00614 0.666864 0.877871 1.16451 1.37707 1.59175 2.78657 2.81285 2.56543 2.07813 1.3991 0.346615 0.465436 0.527468 0.398141 0.532839 0.714938 0.520475 0.560029 0.600542 0.652665 0.580237 0.756341 0.870871 2.73806 3.70355 
2.32327 2.48098 1.57034 0.837672 2.49339 0.86612 1.13527 1.13854 1.28707 1.78546 1.43733 1.83039 1.17853 1.70661 2.39607 2.3374 1.99135 0.76022 0.346367 0.467886 0.460367 0.5267 0.455023 0.806748 0.494975 0.828561 0.680664 0.752311 0.8237 1.04654 0.669199 0.963257 1.44695 4.12359 
