25.8884 25.0968 
4.37094 6.13347 5.97839 0.804913 
8.01131 6.05232 2.22196 2.44357 0.968843 3.4168 
12.0397 4.98881 5.26195 3.83228 2.47526 3.26535 1.81861 4.82163 
9.30153 0.877109 2.85058 3.55136 2.72651 2.74272 2.76029 1.63496 2.05056 3.30998 
8.97334 0.865794 1.16657 2.92821 2.61806 3.47008 2.72894 2.84126 2.19868 2.33028 2.21847 2.45223 
9.50028 0.828267 1.22751 1.86137 0.94116 2.29445 2.83905 2.76732 3.0091 1.66035 2.00901 1.87849 3.25457 2.17428 
9.98495 0.829993 1.30893 1.49383 0.499609 1.54063 1.28354 3.2833 2.67997 1.93458 1.31914 1.1396 1.15994 2.53872 2.01448 3.52589 
8.11651 1.0076 1.36452 1.54303 1.34136 0.411313 0.67609 3.11214 2.1963 2.76558 1.78617 1.43652 1.1516 1.85528 2.00225 1.25122 1.91511 3.5904 
7.50587 1.3348 3.10727 1.53958 0.34068 0.389323 1.62661 0.862594 2.35995 2.68076 2.90593 2.87622 2.71781 1.20307 0.983555 0.923769 1.11323 1.08369 3.5172 3.06936 
6.60931 1.0748 1.58418 1.57672 0.267143 0.517879 1.56388 0.885381 0.946939 2.19458 1.97188 2.29403 1.97935 0.841801 1.00802 1.13549 0.778016 1.15433 0.913491 1.07456 2.81731 3.47805 
5.75101 1.16454 0.898638 0.350069 0.22884 1.74834 0.603609 0.467147 0.933231 1.15451 2.2141 2.24553 1.89825 2.51612 1.10563 1.55344 1.30745 1.63952 0.937616 1.65694 0.974925 1.42988 2.04122 4.60828 
6.56753 1.24854 1.50883 0.318798 0.30143 0.32541 1.97848 0.517952 1.58087 1.36179 1.21417 2.27514 2.68407 2.2307 1.43619 1.52765 1.10474 1.24574 0.817493 0.947926 0.723674 1.50919 1.21941 1.41587 1.36688 3.96958 
5.79108 1.04336 1.59314 1.32469 1.01287 0.233905 0.389962 0.490492 0.594873 1.51011 1.85132 0.920032 1.60805 2.79979 2.43451 2.32378 0.739056 1.62938 1.79882 1.72094 0.91178 0.803386 1.0982 0.69219 0.878702 1.60166 2.93729 3.93191 
5.94619 1.79355 2.03623 0.920796 1.06783 0.208581 0.90656 0.498039 0.515532 0.631058 1.27886 0.983892 1.15148 2.23714 2.33772 2.35863 2.05029 1.64392 1.10401 1.18637 0.995896 1.56197 1.13355 1.24506 1.23552 0.994053 1.0852 1.07379 1.64498 4.48035 
6.53778 1.10046 1.92024 0.3085 0.240712 0.978145 0.365528 0.466773 0.549488 0.670862 0.624372 1.01675 1.33244 1.55673 2.45743 1.94381 1.73709 1.29485 0.818135 1.00904 0.97065 0.775726 0.934294 1.50263 1.27753 1.17805 1.66047 1.24729 1.29643 1.09946 2.49804 1.99765 
4.56864 2.09797 0.767353 0.231149 0.322994 0.307325 0.606854 2.05798 0.526281 1.73288 0.641004 0.780392 1.21461 1.62164 1.01472 4.37747 2.86712 1.23423 2.14679 0.920441 0.808664 0.92952 0.756259 0.470988 0.485003 0.493054 0.955332 0.726292 0.988492 0.815427 0.945976 1.07513 1.52586 2.60458 
