16.2589 10.8422 
2.6792 2.0936 0.534852 2.11289 
3.31637 1.15417 2.43188 0.448935 2.25216 2.63138 
4.16076 0.676026 1.08777 1.53203 0.438201 1.17974 2.04156 2.34904 
4.12867 0.517722 0.918265 2.76584 2.33592 0.470618 1.00572 2.62617 2.37185 2.05908 
4.22452 0.496981 1.05401 1.93588 2.24011 2.57353 0.450523 1.20592 1.58065 2.14949 2.42712 1.7227 
4.39185 0.519699 0.475246 1.92558 2.05604 1.42947 2.56643 0.449673 0.846592 2.10346 2.2609 2.0877 2.07595 2.18537 
3.99588 0.470713 1.02746 0.530247 1.60442 1.73168 1.7083 2.20754 0.423787 0.743261 1.77709 1.91905 2.14275 1.58396 1.81416 2.3311 
4.16194 0.497995 0.525754 2.46768 1.83206 2.03501 3.02211 1.58316 1.8802 0.420501 1.01527 1.77461 1.95361 1.97322 1.96989 1.99922 2.21648 2.29065 
4.03601 0.425519 0.451564 0.836882 1.93979 2.50836 2.46747 2.1148 1.89772 2.15927 0.466158 0.787231 1.72882 1.6774 2.22739 0.759333 2.34481 1.82505 1.82463 2.08201 
4.4812 0.474705 0.434089 0.763357 2.14374 1.08049 1.8109 2.59074 2.02237 1.89928 2.23386 0.408276 0.916609 1.11153 0.947838 1.01459 1.89659 0.784025 1.46934 1.61903 2.00258 2.44851 
4.43033 0.503459 0.339354 2.28128 1.11083 1.35216 2.02329 2.066 2.07714 2.57457 1.528 2.03209 0.403857 1.53867 1.18279 1.22813 1.3694 0.753161 0.868801 1.22317 2.12997 2.00166 2.1516 2.19277 
4.37002 0.431121 0.756726 0.944104 2.5477 1.92737 1.02992 0.811325 1.84093 2.75749 1.91628 1.60852 2.2297 0.417272 0.718515 0.589759 1.09446 0.955036 0.823401 0.916705 1.04311 1.9827 1.39476 2.27502 2.03197 2.11391 
4.24829 0.520069 0.363537 0.408828 0.364095 2.38494 1.3545 1.8299 1.94219 1.85789 1.65879 1.88927 1.98593 1.82209 0.39881 0.664312 1.10182 2.09582 1.25557 1.01 1.08214 1.36187 1.13841 0.981726 1.72518 1.67897 2.12047 2.39346 
4.02713 0.432895 1.72065 0.337977 0.364672 0.809947 0.945625 1.41218 0.836738 0.761722 1.63026 2.44805 1.71972 2.1154 2.02473 0.368214 0.576576 1.62725 0.902286 0.83524 0.935928 0.951087 1.27882 0.742988 1.25667 0.95336 1.45635 2.06589 1.83561 2.31041 
4.92689 0.476863 0.334853 0.693196 0.726652 2.81737 2.40344 2.63058 1.16641 1.93225 1.89823 1.93847 2.51017 2.72685 2.66548 2.32432 0.415936 0.879499 1.19184 2.08571 0.633133 0.849741 1.14279 1.04948 0.823651 1.10071 0.973649 1.68479 2.34035 1.8704 2.43795 2.78772 
4.63868 0.454827 0.319027 0.353122 0.296597 1.16267 1.55866 0.457252 1.781 1.21098 1.02439 0.942325 1.83811 2.96197 1.30203 1.77026 2.38646 0.388679 0.750568 2.09196 1.70418 0.860723 0.749677 1.84764 1.78506 1.01874 1.13854 1.19717 1.35311 1.2588 1.85817 1.92082 1.86686 2.7077 
