1.25201 2.15719 
91.1567 15.6752 5.06578 5.38694 
3.2523 3.63543 3.07011 0.102514 1.1538 2.67927 
2.99672 2.83257 2.24445 2.38553 1.4973 0.118024 1.28901 2.45334 
3.15914 2.57431 2.84231 2.04163 1.84382 2.28141 0.630627 0.159148 0.955095 4.35872 
3.3146 1.48278 1.44421 2.23609 1.32408 2.23879 3.36129 1.22888 0.135495 0.455752 0.907665 4.5698 
3.58882 2.2732 1.48777 1.25469 2.10556 3.28451 1.73962 2.97127 2.20238 0.14812 0.509463 0.506542 0.795343 5.19288 
3.75113 1.42304 2.28505 2.2592 1.06311 0.968175 2.5476 2.08094 2.98649 2.16404 0.143797 0.338378 0.450638 0.425347 0.792707 4.1892 
4.89104 0.927253 1.44513 1.69029 1.23312 0.988736 1.97518 2.175 2.35971 3.04032 2.43538 0.154544 0.399262 0.333604 0.36997 0.500104 0.755221 4.21883 
5.0381 0.83678 2.05805 2.2491 1.00307 1.70287 0.966375 1.43069 0.9065 2.68067 3.00599 2.04947 0.174 0.24463 0.314583 0.379953 0.428439 0.528957 1.00369 3.68675 
4.7361 1.36778 2.10827 2.26409 1.32213 0.946866 1.06891 0.639302 0.888491 2.30519 2.37912 3.13844 2.21075 0.179171 0.343964 0.340505 0.369927 0.503095 0.641846 0.590204 0.943308 3.78807 
3.89922 1.95384 1.57986 2.06435 0.952053 1.09781 1.88163 1.86476 1.27649 1.05414 1.01856 2.17376 3.63423 1.04476 0.224226 0.271936 0.345696 0.261168 0.352708 0.491456 0.452881 0.61133 1.0569 3.86454 
4.90074 1.53072 2.30428 2.14232 1.04025 1.19573 0.99032 1.06144 1.05887 0.99241 1.41834 2.15074 3.04881 2.95806 2.32355 0.209886 0.327956 0.370363 0.357337 0.355906 0.377574 0.483559 0.564032 0.587383 1.03894 3.53775 
4.21508 1.64424 2.2276 1.91827 1.22237 0.974618 0.987013 1.66995 0.918891 0.866847 0.819564 1.1713 2.01601 2.30478 2.52283 1.1723 0.259978 0.278925 0.367187 0.338574 0.311083 0.438839 0.484406 0.518674 0.558325 0.604675 1.3026 3.54418 
4.69855 1.49266 2.06964 2.03805 1.61742 0.946938 1.19405 0.934553 0.907983 0.883531 1.05252 1.091 1.74736 1.86543 2.36333 3.17616 0.943829 0.254011 0.300162 0.320026 0.291473 0.385971 0.414822 0.437932 0.469736 0.484635 0.613604 0.779424 1.28576 3.37635 
3.50318 1.56767 1.34203 2.70621 1.07954 2.02223 1.0594 1.20946 0.93359 1.31446 1.07047 1.16363 1.20731 0.969171 1.83674 2.31796 2.75054 1.93141 0.283626 0.39438 0.339135 0.384386 0.507659 0.384321 0.357586 0.37058 0.412133 0.503691 0.601083 0.70304 1.018 4.41506 
5.17906 2.03823 1.67034 2.08393 1.82144 0.944614 0.892059 1.42163 0.906069 0.977573 0.812188 1.31978 1.23041 1.43855 1.41813 2.07511 2.85164 2.69986 1.11936 0.580281 0.298065 0.39045 0.401922 0.522305 0.484532 0.455546 0.426468 0.463682 0.427211 0.57821 0.565792 0.755203 0.921092 4.48857 
