25.9761 3.29703 
3.03184 2.48459 0.474797 4.08356 
2.0584 0.876246 2.10941 0.22429 0.895289 3.47091 
3.09648 0.790794 1.58303 1.99886 0.963956 0.209966 1.28362 2.54371 
2.6406 0.958806 0.797815 2.1055 1.20335 1.02844 0.929263 0.258386 2.31217 3.06101 
2.57988 1.2049 1.44026 1.90148 1.95596 2.41157 2.23976 0.246531 1.5996 1.72803 3.16901 3.53358 
3.53426 2.60715 1.56218 1.9539 2.0853 2.25487 1.53463 3.40657 0.331289 0.268143 2.07313 1.46372 2.99599 2.42244 
3.40628 1.62128 1.87668 2.33773 1.52144 1.38465 2.33245 1.87193 2.66016 0.397544 2.18186 0.315286 2.26154 2.25082 3.34471 3.11149 
7.26499 3.10954 1.16106 1.65961 1.67611 1.18828 1.54744 1.94002 1.42939 4.40789 1.66788 2.2921 3.13767 3.7052 4.45511 2.70764 3.97829 3.8446 
8.88803 1.57096 1.45435 1.35637 1.36282 1.76533 1.60265 1.66931 1.49714 1.3494 1.9372 1.54529 3.85241 4.25436 3.96515 4.88651 4.02536 3.4204 5.12125 3.95009 
9.4662 2.2877 1.31405 1.58753 1.52308 1.72775 1.50422 1.46066 1.58128 1.4746 2.31038 2.54031 3.47728 3.32295 3.99398 3.87168 3.8343 4.51918 3.36742 5.37771 4.51572 4.0339 
9.11441 2.9766 1.30561 1.50889 1.54348 1.49784 1.82445 1.27566 1.40107 1.76771 1.56443 1.82367 2.68082 2.33926 3.65273 4.15118 4.73614 4.13046 3.54256 3.94024 3.17944 3.84136 4.81046 5.06983 
9.83398 4.38091 1.25317 1.46187 2.15797 1.2648 1.52935 1.86248 1.68002 2.94792 1.34723 2.18851 1.96137 1.97582 2.87529 4.21564 3.47073 3.64423 4.05339 3.41624 4.40401 3.25519 3.39279 3.45051 3.79893 3.92949 
9.82689 4.69406 1.4655 1.7656 1.67835 1.56192 1.83197 1.46901 1.22881 1.72723 1.64975 1.47019 2.23001 3.4625 2.05885 1.96476 2.57818 3.99355 3.47472 4.0053 3.62031 3.60776 4.32062 3.73254 3.68806 4.26768 4.39835 4.8822 
11.7654 4.05587 1.58691 1.60169 1.69122 1.49395 1.63741 1.58959 1.78707 1.56773 1.38971 2.08427 1.33332 1.72071 2.53194 2.95416 2.20715 4.64852 3.853 4.18063 4.60806 4.97144 4.3261 4.6454 4.19325 5.37154 3.90713 4.91649 4.25357 4.68445 
12.4432 4.68679 1.55345 1.60314 1.79186 1.7739 1.64779 1.8152 1.58636 1.3458 1.49945 1.58589 1.6034 3.32441 1.50884 2.81534 4.4488 3.06699 5.80456 3.13438 3.86259 3.86792 3.46017 4.52855 5.11755 3.93247 4.09539 3.69994 4.39712 4.76585 5.29303 4.70981 
11.7563 6.55856 1.3742 1.79905 1.91438 1.39182 1.94206 1.71461 1.39651 1.58436 1.51054 1.9869 2.41377 3.0828 1.28779 2.4708 2.00943 2.37678 2.29324 3.72148 4.53487 3.82839 4.40884 4.46765 3.86567 3.79861 4.26304 4.24212 4.3465 4.2713 4.81154 4.96029 4.35984 5.43617 
