7.53635 26.7642 
4.92668 2.76003 5.16963 1.85076 
4.7853 2.70773 3.77211 6.05939 0.956241 2.89699 
3.50555 2.15903 2.27537 2.22756 3.81622 0.87127 1.19481 3.39069 
3.84738 2.17371 2.09889 2.31704 1.96568 3.56126 0.817344 0.976536 2.58607 3.25856 
3.8577 2.10976 2.22517 1.65994 2.37012 2.57722 3.91748 0.926805 0.947508 1.20365 1.4472 3.26276 
3.9423 2.21948 2.32626 1.49104 2.44815 2.50022 2.78592 4.70314 0.967028 1.04291 1.21133 1.27056 1.77004 3.67813 
3.8624 1.59742 2.42623 2.54047 2.32355 1.22043 2.19559 3.12413 4.43391 0.867117 1.06205 1.43314 1.40287 1.88475 1.86349 4.59227 
4.71349 2.04074 2.20274 1.29865 1.76386 2.29159 1.95126 2.73862 3.0182 4.96078 0.958276 1.10153 1.19592 1.49517 1.66054 1.92438 2.05601 4.02488 
4.91911 2.19045 1.41486 3.24676 3.40013 2.67408 3.01864 1.90816 3.056 3.27974 5.04058 0.974991 0.955023 1.27183 1.58428 1.73003 1.80701 2.01421 2.06387 5.11317 
4.45374 1.74602 2.90707 2.34103 1.67667 1.73546 2.20389 1.28746 1.9085 3.66889 3.24705 4.8266 0.920525 1.02061 1.40681 1.31574 2.66038 1.59664 2.30009 2.3079 2.37515 3.99774 
4.69536 2.00636 2.39728 1.83873 2.96323 2.12134 1.94265 2.01112 2.15435 2.38979 2.55669 2.51865 5.88678 0.903449 1.04751 1.29862 1.53676 1.7162 1.92795 1.92217 2.50015 2.02088 2.86086 4.21849 
4.26876 1.91852 2.03417 2.53937 1.7354 1.70698 2.18397 1.52458 1.40217 2.25894 1.8274 3.21263 3.83145 4.53158 0.983245 1.08491 1.11165 1.45263 1.7982 1.72771 1.97155 2.26014 2.34868 2.29972 2.56581 4.52842 
4.72393 2.89516 2.74892 2.42079 1.56483 2.17861 2.63857 2.46428 1.80243 1.46361 2.15514 2.02278 2.26766 2.59011 5.04454 0.936832 1.25421 1.29093 1.47417 1.79353 1.56266 1.95865 2.02338 2.49641 2.27824 2.23591 2.38018 4.54897 
4.48823 1.94059 1.4189 2.24642 1.39365 2.45864 1.21162 1.62034 1.64758 1.95963 1.67271 2.90293 1.64414 2.95542 2.90008 4.68996 0.939464 1.20789 1.34258 1.45908 1.65827 1.75311 2.30277 2.2284 2.3346 2.33372 2.63364 2.75102 2.36802 5.33107 
4.6209 2.11634 2.78646 1.18101 1.30542 1.64011 2.21218 1.78001 1.46774 1.85956 1.27659 2.0791 3.16314 1.6131 2.89214 3.10311 4.81004 0.939791 1.71295 1.21877 1.35817 2.29005 1.86849 1.79265 1.89544 2.21873 2.45601 2.64298 2.25627 2.38802 2.91689 4.88289 
4.42476 2.24434 1.95614 2.85666 2.98104 2.55935 1.48969 1.47257 1.70328 2.66499 3.05182 1.85172 2.4633 2.02886 2.65919 2.23198 2.63719 4.5885 1.12899 1.14285 1.96823 1.19162 1.39542 1.91007 2.39176 1.89685 2.00336 2.58607 2.61725 2.3809 2.59604 2.71795 2.79694 4.70198 
