17.664 13.4654 
9.84805 2.85901 14.0843 6.86029 
3.99613 0.419212 0.89144 4.88137 2.72825 2.06111 
3.15734 0.587942 0.443259 2.04251 4.52368 3.21344 1.77898 2.56542 
3.55531 0.695954 0.391115 1.61788 2.68488 4.57638 3.09294 2.20107 1.40046 2.8344 
3.8555 1.11746 0.494776 0.661981 1.50978 1.8688 4.46708 3.13991 1.86641 1.48222 2.58938 3.2568 
4.31772 1.06411 0.436793 1.28825 0.882685 1.36273 2.53896 4.77327 2.84913 1.77473 1.93631 1.28242 2.29979 4.06522 
4.24167 1.54962 0.443905 1.15633 0.735984 1.21202 1.68654 2.11181 4.61146 3.22917 0.838075 1.48073 1.11704 1.12238 2.05607 4.30846 
4.10748 0.697428 0.514431 0.670345 0.826646 0.796976 0.946549 1.42165 2.78666 5.11442 3.08469 0.790537 0.933463 1.38961 0.965966 1.36983 3.07277 3.50659 
4.4619 2.04025 0.417346 1.51746 0.697621 0.754265 0.854459 1.50157 1.17307 3.14009 4.4787 2.63073 1.1471 0.77197 1.13011 1.0802 0.947213 1.19205 2.51567 3.71102 
5.18726 2.49869 0.425144 1.70199 0.62146 0.739816 0.730241 0.818201 1.0005 2.72277 2.25321 4.70114 2.73642 1.02463 1.63648 1.0839 1.34712 1.13892 1.09889 0.782438 1.59969 3.60398 
4.66291 1.50607 0.467464 0.672882 0.759344 0.734847 0.711866 0.91384 1.04385 1.19127 1.79089 3.33177 4.70002 3.04503 1.05618 1.19616 1.51973 1.01886 0.961556 1.1481 0.948849 0.9403 2.93368 3.23917 
4.52966 2.51326 0.555031 0.592252 0.618742 0.704645 0.803828 0.736987 0.912302 0.922598 2.06684 1.70681 2.72035 4.90932 2.13934 1.98147 0.883199 1.45672 1.31254 1.2406 0.843728 1.7132 0.995701 1.06506 2.31859 3.84885 
4.5787 1.22077 0.502601 0.655048 0.63803 0.716253 0.787572 0.904815 0.914908 1.1184 0.911346 1.28723 1.60773 2.98738 4.46384 2.76696 1.20287 1.55874 1.07631 1.40973 1.22628 0.946752 0.860055 1.34645 1.26748 0.990448 2.27252 3.92928 
4.99903 2.66464 0.518767 0.653732 0.764252 0.653989 0.970663 0.869817 0.840851 0.813005 1.09287 1.25889 1.79797 2.60559 2.21994 4.29594 2.49457 1.07488 1.08723 1.09207 1.15439 0.69639 1.14673 0.802879 1.05995 0.871192 0.830692 0.910981 2.05137 4.14831 
4.44838 0.841766 0.501281 0.788831 0.669199 0.658456 0.699971 0.771295 0.820297 1.57481 0.838525 1.02864 1.0625 1.32424 1.86133 2.14755 5.15707 2.18385 0.907978 1.40062 1.05556 1.44571 1.09451 1.0645 0.936523 0.981429 1.58975 0.949142 1.11295 1.16776 4.34719 3.91372 
4.1991 2.10599 0.520032 0.621732 0.949917 0.721283 0.659036 0.739163 0.955988 0.828393 1.24843 0.847689 1.60887 1.42391 1.04661 1.31186 2.2399 3.89527 2.39211 2.07638 0.912813 1.13158 1.39382 0.868335 0.708796 0.996872 1.30194 0.984682 0.69588 0.813771 1.98337 1.18593 3.52424 4.10399 
