2.59514 1.72497 
0.168063 2.21759 3.02932 3.14573 
-1.15866 1.06057 2.2093 3.10704 2.9908 1.75582 
-1.40669 0.949114 0.554227 2.45975 3.04109 2.18754 0.855674 2.71166 
-1.82481 0.865336 0.73387 0.882321 2.8932 2.83122 1.67033 0.368409 0.600001 3.49376 
-1.69109 0.871288 0.640928 0.412962 1.09451 3.2255 2.50411 1.83496 0.374309 0.413046 0.52115 3.30232 
-1.63007 1.2849 0.582996 1.09366 0.609297 0.755152 2.62172 1.82024 0.977756 0.313977 0.290057 0.405801 0.608774 3.09437 
-1.35673 1.35875 0.49384 1.27494 0.499313 0.73813 0.915387 2.64395 1.64209 0.692309 0.397587 0.297047 0.302307 0.551992 0.501316 2.99352 
-1.74176 1.13544 0.914264 1.07587 0.495428 0.984496 0.614288 0.827235 3.03279 2.00308 0.971268 0.345643 0.313533 0.318889 0.343057 0.38317 0.52792 3.18897 
-1.85196 1.2815 0.69471 0.612744 0.454667 1.21344 0.646231 0.900122 1.32431 2.55447 1.78368 0.705613 0.298894 0.808933 0.252749 0.352754 0.29875 0.359863 0.644305 2.82709 
-1.91623 1.25439 0.802005 0.707888 0.600491 1.31005 0.625194 0.814681 0.732188 0.995572 2.92736 1.91084 0.700144 0.293743 1.58362 0.283998 0.300333 0.342928 0.318699 0.39866 0.733789 3.30807 
-1.79499 1.37436 0.630001 1.19826 0.520264 0.802141 1.02972 0.566755 0.915759 1.08555 1.60208 2.77334 1.37204 0.503138 0.321937 0.280329 0.358459 0.292503 0.344816 0.250298 1.42048 0.327078 0.586863 3.04002 
-1.85987 1.30716 0.380611 0.972099 0.731543 1.13549 0.911429 0.562769 1.07895 0.870642 0.886646 1.12753 2.68524 1.6815 1.37115 0.414733 0.316968 0.287419 0.319832 0.309495 0.305661 0.328048 0.331697 0.367121 1.605 3.02455 
-2.50559 1.33539 0.745354 1.3152 0.459842 1.78632 0.709359 0.725587 0.819703 0.59565 1.21739 0.902209 1.14539 2.66918 1.64544 1.6321 0.489503 0.263731 0.521173 0.314661 0.291834 0.333326 0.395375 0.329847 0.362695 0.447634 0.823245 3.28152 
-2.34597 1.33127 0.713415 0.886364 0.779732 0.466289 1.37687 0.551803 0.876426 0.594595 1.90536 0.923422 0.933979 1.05349 2.53667 1.40983 1.41076 0.340385 0.272916 1.29656 0.291096 0.313288 0.324257 0.352371 0.325179 0.347799 0.492201 0.382264 0.604963 2.90775 
-2.44506 1.95058 0.546774 1.557 1.81214 1.09713 1.18158 0.587886 0.540998 0.712282 0.687604 0.699844 1.82861 1.25588 2.00329 2.62429 1.52547 0.732173 0.315138 1.22158 0.275046 0.26039 0.579674 0.27353 0.691171 0.285653 0.324742 0.334035 0.35453 0.422265 0.689865 3.09676 
-2.28942 2.07076 0.617829 0.408307 1.84882 0.694903 0.407317 0.706149 0.718578 0.909239 0.701942 0.753119 0.974587 1.43311 1.56881 1.74231 2.43234 1.57802 1.09231 0.408644 0.462563 0.321068 0.312004 1.50738 0.329157 0.289803 0.444551 0.316163 0.349694 0.381506 0.349997 0.442091 0.763432 3.11611 
