1.15381 2.24008 
0.85155 2.75458 2.42786 2.78337 
1.23114 2.90221 2.80128 2.78254 1.59524 2.62294 
1.45443 6.29054 2.02465 3.67253 3.24044 2.59457 2.54582 3.75245 
2.48201 21.9022 6.02837 6.35986 6.42004 6.80429 5.68565 10.4843 4.77921 7.35755 
1.61693 4.47073 2.1532 0.721417 0.588156 3.24377 3.56038 3.15396 1.12057 2.94565 2.44123 3.69142 
1.64881 3.98994 0.745506 2.14486 0.558993 0.695306 2.18343 3.71196 2.87569 2.04009 0.919744 3.20164 3.51143 3.28327 
1.59167 3.07434 0.851794 0.62307 0.583808 0.587975 0.664505 3.11612 2.87672 2.69486 1.37171 1.2403 1.48981 3.04613 2.8459 2.74614 
1.5607 2.50776 1.23918 1.8011 0.535846 0.628832 0.577644 0.743308 3.31114 3.10437 2.95543 1.16941 1.42999 1.1469 1.26633 2.08264 2.82843 1.7936 
1.6941 2.38414 1.21849 0.755827 0.579083 0.567733 0.639721 0.564464 1.77837 2.97541 3.97347 2.73352 0.974889 1.25132 1.22607 1.8326 1.08814 2.13506 2.98593 2.51898 
1.76309 2.36188 0.971762 0.717344 0.579846 0.588279 0.616304 0.611692 0.631492 0.827151 2.911 3.58074 2.58391 1.12387 1.26881 0.941916 1.08772 1.11419 1.89697 1.80596 2.29888 2.03614 
1.57635 2.91649 0.652614 0.654959 0.667173 0.611341 0.661239 0.659508 0.725772 0.726532 0.840195 2.62802 3.557 2.48562 2.14329 1.50702 1.05701 1.33587 1.04829 1.09224 1.5691 2.31871 2.97003 2.35623 
1.69056 2.61893 0.988749 0.645698 0.594548 0.623818 0.633361 0.669812 0.709291 0.813237 0.778547 0.920243 2.52021 3.24182 2.16288 2.25922 1.38322 1.1 0.986174 1.50853 1.0807 1.17607 2.05164 1.99617 2.23113 3.12996 
1.65725 2.77815 1.02648 0.644064 0.66331 0.649458 0.714235 0.718871 0.680426 0.718363 0.730858 0.788351 0.853001 3.20152 3.74186 2.71286 1.29128 1.23405 1.35178 1.45362 1.13891 1.04254 1.40565 1.52855 1.51731 2.2196 2.71726 2.59571 
1.62045 2.75276 1.93578 0.829241 0.615572 0.651029 0.650145 0.620457 0.702242 0.654411 0.755913 0.750707 0.741596 0.995812 3.12749 3.877 2.32701 1.97501 1.23794 0.950458 1.03274 1.09826 1.26363 1.30841 2.25322 1.01254 2.23995 2.1173 2.47585 3.13929 
1.69195 3.05031 0.765501 1.79416 0.654493 0.625315 0.902747 0.703752 0.628163 0.705308 0.945838 0.807684 0.805 0.762722 0.910008 2.7073 3.7011 2.34336 1.7033 1.24862 1.0461 1.37385 1.28536 1.21947 1.0723 0.961523 1.81214 1.20072 1.98526 2.67731 2.22032 2.91604 
1.58291 2.99439 2.40829 0.91135 0.716951 0.664355 0.682948 1.28012 0.601372 0.655913 1.21137 0.679976 0.68243 0.710243 0.807102 1.04917 2.993 3.59772 2.10971 1.06684 1.30905 1.14863 1.66263 1.43193 1.1914 1.33981 1.26984 1.20324 1.36863 1.25129 2.48631 2.14727 2.03507 2.72325 
