1.81126 4.68323 
1.00342 1.10692 0.462869 2.00145 
0.36234 0.597386 1.95606 0.734333 1.21441 2.06745 
0.817046 0.72117 1.19119 2.18416 0.513725 0.952993 1.51507 2.24503 
0.910028 0.713104 0.653072 1.65117 2.07005 0.728456 0.730674 1.50287 0.949139 1.87363 
1.14173 0.975996 0.732593 0.836448 1.2283 2.14411 0.88224 0.862979 0.702949 1.5954 1.10782 2.42561 
1.64652 0.949065 0.759533 0.723765 0.639572 1.54076 2.4918 0.956383 1.10839 0.927595 0.897471 1.30089 1.30802 3.41724 
1.23137 0.958851 0.964055 0.825636 0.472906 0.963657 1.37257 3.47248 1.01007 1.54345 0.803824 0.975579 1.15808 1.86579 2.54533 2.98268 
1.77634 0.919699 0.863973 0.896885 0.563096 0.669669 0.687822 1.40525 3.59632 1.75441 1.11099 1.27136 1.17364 1.0456 1.53481 1.3519 2.03988 3.09551 
2.2179 0.902238 0.826161 0.867963 0.725652 0.925389 0.678047 0.84224 1.16584 3.70815 1.86451 2.18217 1.90095 1.28158 1.14953 1.10475 0.951995 1.34871 1.63917 2.81663 
2.14068 1.15429 0.811388 0.909196 0.956498 0.766303 0.624338 0.767508 0.594218 1.42138 5.67966 1.88634 2.02572 1.50775 1.90009 1.58919 1.20961 1.40748 1.26186 2.4456 2.13799 3.73346 
1.79904 1.0755 1.01951 0.8104 1.0507 0.763199 0.979415 0.525289 0.907885 0.869057 1.0652 6.6678 1.6564 2.31549 2.57707 1.96665 1.61133 1.20307 1.41631 1.67588 1.39471 1.73809 2.37717 3.174 
2.59398 1.55408 1.00097 1.34883 0.78003 1.29362 0.81645 0.63339 0.83195 0.691163 1.18372 1.12061 6.81856 1.75726 2.5588 2.05558 1.36376 1.33507 1.67578 1.54479 1.30175 1.50895 1.35138 1.36531 2.94449 3.51522 
2.20366 2.36046 2.42644 1.02774 2.06362 1.23119 0.71312 1.00701 0.642546 0.748407 0.717144 1.04325 1.34861 7.06867 1.46505 3.00274 1.59395 1.40192 2.59055 1.77886 1.36598 1.47078 1.45755 1.60196 1.23313 2.24271 2.95709 3.70411 
1.59466 3.40697 1.71038 1.34917 0.940591 0.836671 1.29744 0.734657 0.685721 1.01473 0.945539 0.701708 1.1173 1.61766 6.55593 1.61985 2.90334 1.95475 1.82885 2.95815 1.59145 1.485 2.12937 1.32502 2.03971 1.15834 1.59581 1.58882 2.64937 3.66802 
2.38778 1.25349 1.50536 1.08618 1.01206 1.10764 0.759225 1.39594 1.10122 0.547546 0.682665 0.829816 0.482382 2.47473 1.41937 7.45772 1.87455 2.17194 2.92952 2.18805 1.71512 1.94904 1.74148 1.47957 2.54098 2.42217 1.74463 2.85834 2.70158 2.72858 2.58619 3.4438 
2.1543 2.06185 1.07092 1.8763 1.08889 1.04142 1.15045 0.712722 0.705935 0.639007 2.56335 0.535495 0.725566 1.0212 1.14996 2.88977 7.78185 2.24099 2.04829 1.92079 2.16154 1.91557 2.03579 1.86108 1.75951 1.61519 3.89292 1.49365 3.02475 3.11067 2.55896 2.28007 2.0877 3.81611 
