3.06263 3.82183 
0.187089 2.44325 0.860388 0.858582 
0.175762 2.97271 1.53807 1.92803 1.99219 2.10061 
4.85752 6.24151 5.38936 1.68867 3.21712 0.716867 0.997982 3.53406 
3.29748 4.32596 3.13034 0.461712 1.44585 2.70551 0.637618 1.16622 1.10294 1.87846 
3.77238 4.33271 3.7447 0.35637 0.582308 2.15173 3.01302 0.689136 1.21124 1.2993 0.97018 2.32927 
4.18461 3.99501 2.80068 0.382401 0.454303 0.659169 2.58167 3.1192 0.709966 1.73098 1.23532 1.01375 1.0556 2.26582 
4.08183 3.56978 2.8373 0.403733 0.415828 0.586862 0.768268 2.24676 3.58582 0.707261 2.2179 1.85275 1.05882 1.73747 1.52445 1.88813 
5.10485 4.6417 3.37537 0.466102 0.397743 0.837264 0.964088 1.12104 2.54784 3.55683 0.769746 1.3391 1.21473 1.40258 0.699512 0.743763 0.951917 3.15881 
4.34722 4.04202 3.64745 0.363336 2.16067 0.479597 0.733198 1.03868 1.24207 2.72051 3.34811 1.599 1.44096 1.47614 1.09991 1.53568 0.835445 0.817041 0.933566 1.42461 
4.8412 3.90095 2.8706 0.442466 0.563709 1.09629 1.27686 0.967472 1.02823 1.09387 3.19884 3.29847 0.75941 1.57749 2.22975 0.759591 0.637642 0.694204 1.14789 0.769145 1.09802 2.32838 
4.6651 4.05401 3.16792 1.32186 0.455596 0.577942 1.06034 1.28112 0.990067 1.46032 1.26848 3.47642 3.55437 0.811745 1.04589 1.76506 1.72253 0.987254 0.795255 0.87056 0.56606 1.18694 1.00242 2.73476 
5.19884 4.08886 2.95352 0.50198 0.505462 0.543969 1.15524 0.754748 1.37102 1.30775 1.14284 1.28034 3.74227 3.77145 1.30395 2.95043 1.46557 1.48502 1.21071 0.969026 1.38226 0.671262 1.50576 0.731657 1.47586 2.73603 
5.88227 4.48579 3.12292 0.426937 0.52032 0.569548 1.25026 0.854013 1.09979 0.90773 1.21179 1.18777 1.53982 3.15491 3.72061 1.80232 2.3096 1.09997 1.37705 0.889663 1.6314 1.8134 1.32128 1.34148 1.45964 2.12619 1.06109 3.27963 
5.85869 5.02919 3.41289 0.488244 0.586833 1.15053 1.17244 1.18727 1.14103 1.28629 1.3327 1.32713 1.49693 1.77608 3.82184 4.30153 1.60178 2.3695 1.16393 0.740267 0.875429 0.796864 0.921411 1.08896 0.673288 0.737311 0.952977 0.626856 1.99951 2.19055 
5.96072 4.39623 2.87719 0.551325 0.584589 0.556356 0.973071 1.18876 1.07383 1.29137 1.04978 1.38743 1.31185 1.42985 1.41736 4.23541 3.99943 1.48802 1.91185 1.12899 1.64775 1.94552 1.11037 2.47232 0.811062 1.02671 1.46944 0.741493 1.09224 1.29147 1.41847 2.94416 
5.85207 4.80782 2.95062 0.526635 0.589418 0.622851 1.17082 1.11453 1.09549 1.02143 1.20549 1.20292 1.38474 1.29345 1.40581 2.24546 3.95313 3.68629 1.34211 2.79023 2.58654 1.50646 1.14072 1.05408 0.964227 2.04827 1.06105 1.06242 0.778528 1.50738 0.827781 0.722164 1.30983 2.5981 
