12.7391 16.1452 
10.831 9.57352 17.3948 4.76701 
11.8192 6.3295 13.2754 17.07 4.44768 6.08678 
5.15129 0.357621 0.515641 3.02322 4.02526 0.741413 0.892815 3.60021 
4.51779 0.361119 0.332704 0.967398 1.88216 3.286 1.06605 0.91733 0.800394 3.37629 
6.23049 0.386259 0.37269 0.383165 0.926827 3.35637 3.23063 0.633328 0.707862 0.73648 1.21517 4.15333 
5.09665 0.349336 0.414357 0.384419 0.395373 0.743349 3.16824 2.94017 1.01662 0.721841 0.698756 1.00453 0.993117 4.48067 
5.25753 0.440446 0.434752 0.33111 0.383475 0.439076 0.758706 3.2281 2.92977 0.662495 0.733597 1.40658 0.893754 1.01209 1.06093 4.79487 
5.88761 0.445887 0.354526 0.41116 0.363564 1.47628 0.420407 0.758566 3.57914 3.49074 0.702039 0.716764 0.661706 0.694852 0.7634 0.865581 1.19693 4.20405 
5.06964 0.391224 0.873397 0.424926 0.402471 0.405234 0.522765 0.587772 1.67326 3.55906 3.15032 0.673403 0.599313 0.700898 0.71332 0.763584 0.736688 0.856103 1.05298 4.41979 
5.69831 0.379666 1.43378 0.686275 0.361145 0.615236 0.395778 0.436465 0.69423 0.719543 3.83903 3.57916 0.610175 0.531288 0.684682 0.544608 0.6179 1.20316 0.933988 0.814301 0.989099 4.18581 
4.5397 0.417298 0.398274 0.423336 0.448539 0.392736 0.385557 0.371444 0.941113 0.448156 2.23827 2.89409 3.0728 1.29667 0.907052 0.886103 0.754197 0.90086 1.03083 1.5653 1.42933 1.05003 2.52965 3.9821 
4.23112 0.43211 0.366119 0.409169 0.410232 0.357535 1.61825 0.34338 1.40289 0.472514 1.59154 1.78292 2.34535 2.68032 0.893746 0.923164 0.940154 0.952611 0.731118 0.84535 0.752283 0.739243 0.840701 0.846939 2.45016 3.42119 
4.52114 0.400212 0.480149 0.39576 0.416127 0.412198 1.53361 0.47904 1.90012 0.401805 0.5387 0.519797 2.57568 3.17698 3.05326 1.0129 0.770871 0.970182 1.22508 0.43377 0.971536 0.512202 1.55732 1.19528 1.5815 1.45982 2.02801 3.77411 
4.69617 0.461111 0.94719 0.324967 0.413623 0.41815 0.346405 0.892906 1.17341 1.12904 0.410565 0.801236 0.522954 2.85943 2.81727 3.10795 0.867951 0.648443 1.5636 0.725208 0.902609 1.77375 0.78243 0.508576 1.0806 0.952672 1.12513 0.986162 2.01035 4.15717 
4.73976 0.452417 0.727528 0.421998 0.360237 1.09448 0.398938 0.411186 0.82756 0.350267 2.016 0.507646 0.553468 0.477552 3.07761 2.49465 2.93176 0.941539 0.739895 0.831407 1.43116 0.53042 0.912252 0.844478 0.890939 0.732955 1.45792 1.26411 1.42765 1.7891 2.21148 3.62818 
4.7951 0.511623 0.418612 0.380324 0.443214 0.422167 0.38875 0.327679 1.60546 0.358228 0.953953 0.957271 0.526985 0.53268 0.68245 2.83796 2.14642 2.98037 0.715513 1.92581 0.834919 0.921018 0.836703 1.46247 2.22795 1.64788 0.999635 0.650596 1.10549 2.20031 1.72201 1.38624 2.46662 4.2678 
