7.07005 5.63538 
2.4686 2.13973 0.800746 2.12417 
1.65185 4.0032 3.05897 2.51954 4.3339 3.32609 
0.804478 4.79141 2.24513 4.36259 2.29016 2.82027 1.79716 4.58568 
0.602712 2.77351 1.95326 2.1035 3.10966 2.36779 2.19107 0.877061 1.59434 2.87527 
0.554365 3.13961 2.28473 0.380054 2.42085 1.79112 2.49459 2.25174 1.04316 1.88241 2.2079 2.84714 
-0.382462 2.34958 2.23175 0.838067 0.542983 1.82779 3.09865 2.73362 2.25016 1.17646 0.625075 2.14482 2.09033 2.56989 
-0.369647 2.16666 1.89646 1.24863 0.523237 0.785911 2.70746 3.74301 3.07867 2.51577 1.27254 1.44145 0.490013 3.18003 2.37099 3.53553 
-0.332706 2.12133 2.08932 1.01117 0.309283 1.58003 0.651688 1.90697 3.42409 2.39481 2.10677 0.882698 0.866603 1.787 2.09035 2.07907 2.25665 3.02127 
-0.253775 3.67835 2.01735 0.2301 1.1056 0.761745 0.643004 0.656216 2.66584 3.10279 1.75266 2.41865 0.284246 0.791477 0.356665 1.75887 0.614353 1.09327 1.73818 3.16294 
-0.268548 2.91712 1.90963 1.26507 0.292545 1.0989 1.4906 0.640598 2.22003 2.22274 3.31183 1.80532 2.51421 1.1266 0.365246 0.214178 2.46142 1.94008 0.552121 2.34533 2.09766 3.69735 
-0.241679 3.32135 1.89489 0.651906 0.17632 0.93943 0.241194 0.671194 1.52946 1.3199 2.18578 3.3638 2.34258 1.72919 1.84933 1.34217 1.0262 1.05724 1.94904 1.01871 1.92127 1.98863 1.66788 3.01786 
-0.22094 2.05232 2.80503 0.67803 0.375972 1.91379 0.825413 0.917704 0.556267 0.7536 0.630079 1.34327 2.4722 1.59376 2.33169 1.34201 1.12096 0.161345 0.268031 0.430436 0.313119 1.91359 2.77165 2.02596 2.52334 2.00221 
-0.187232 2.1383 1.92623 0.13696 0.181287 0.571691 0.174602 1.79624 0.331462 0.596316 0.947986 1.9755 2.18914 2.89546 2.07038 1.61346 0.508566 0.516056 0.924433 2.06704 2.84548 0.323815 1.99964 2.11034 0.659678 2.09059 3.10145 2.63221 
-0.167064 2.7888 1.11924 1.07933 0.144747 0.250809 0.357906 0.655666 0.961541 0.917155 0.832524 1.10353 1.99366 2.13285 2.60482 0.976553 1.97768 0.137886 2.6877 1.09071 0.285771 0.778506 0.216887 0.703137 0.435391 0.528968 2.90059 2.49973 1.9372 2.02967 
-0.142304 3.35981 1.15979 0.128193 2.96919 0.221139 0.253801 0.193403 2.0029 1.40078 1.80043 0.43589 1.14666 1.84278 2.8907 2.37542 0.66362 2.97547 0.179363 2.72285 1.67396 0.315611 0.882414 0.65343 0.194819 1.42043 0.884916 2.22645 2.11269 0.839715 2.80226 3.3504 
-0.153915 3.04918 2.38452 0.365602 0.618306 0.754081 1.155 0.654222 0.213214 0.284694 0.765591 0.447336 0.686039 0.845433 2.5738 1.99107 2.23545 0.867653 2.12263 0.11308 0.572844 0.12948 1.92337 1.61041 0.355121 0.296195 0.37032 0.359762 0.551856 0.687044 0.631786 3.34608 3.28861 2.68226 
