0.458607 1.7927 
-1.00298 1.75998 5.1773 3.9481 
-0.163769 1.14744 3.35047 4.45207 2.62309 4.85689 
-0.136512 0.74805 0.681733 2.7848 2.78737 3.93413 0.920246 3.87187 
-0.0873685 0.691934 0.283377 0.845368 2.44219 2.06117 2.31937 0.602977 1.44894 3.22361 
-0.0632553 0.572107 0.315502 0.553206 0.679589 2.65142 2.41664 1.4952 0.45276 0.705771 1.18565 3.71308 
-0.0520933 0.914362 0.468941 0.796054 0.345893 0.633604 2.88878 1.1438 1.90965 0.444447 0.596128 0.865673 1.20138 4.22236 
-0.827407 0.272184 0.177287 0.214556 0.325564 0.664942 0.758069 2.4111 0.00878101 1.72459 1.77158 1.51902 0.678168 0.575761 1.93382 2.83907 
-0.0057542 0.410684 0.144298 0.586714 0.352357 0.278903 0.594401 0.662323 1.75325 1.60015 1.77898 0.991192 0.970652 0.846284 1.24091 1.53753 2.02352 2.00298 
-0.00701561 0.231625 0.84021 0.863207 0.208884 1.08322 0.27049 0.6203 0.731354 2.31551 1.2809 1.84885 1.15166 0.703491 0.411566 1.04732 0.970393 1.35595 3.09334 2.5184 
0.0229341 0.484445 0.133579 0.379765 0.24258 0.270988 0.523373 0.400341 0.615614 0.876946 2.08318 1.18304 1.7965 1.87211 1.03485 0.81946 1.00443 0.510752 0.899416 0.612455 2.09575 2.82893 
-1.12473 1.39644 0.068142 1.30954 0.881065 0.193324 2.57665 0.263279 1.53093 1.14055 1.8741 2.43502 1.54 2.42952 1.3269 0.435828 1.37095 1.62353 0.510671 0.857019 0.488819 1.75464 2.07688 3.15306 
-0.12071 0.743417 -1.09833 0.548897 0.278367 0.335961 0.45985 0.394717 0.354345 0.482623 0.637539 1.16008 2.81319 0.336841 1.46211 1.43047 0.81013 0.494172 0.740693 0.596559 0.63965 0.735166 1.39577 1.66845 2.36384 2.76174 
-0.740619 1.91942 0.147252 0.494047 -1.17134 0.467785 0.340276 0.266316 0.302614 0.332014 0.542326 0.81705 0.799353 2.24946 0.0270027 1.14319 2.87925 1.45679 1.1599 0.823875 0.664535 1.32333 1.09319 1.45127 1.18904 0.655686 2.16121 3.2515 
-0.0949175 0.545986 0.419138 -1.41961 0.381294 0.379391 0.369465 0.276067 0.641224 0.44016 0.444607 0.459071 0.935674 1.24596 2.66308 0.613713 1.21095 1.50344 2.00253 1.09495 0.7877 0.59474 0.887447 0.412424 1.37652 0.802717 1.31362 0.688999 2.49708 3.1631 
0.0222258 1.73448 0.135887 1.09057 1.07384 0.594494 0.247908 1.26868 0.552583 1.1028 0.51686 2.92975 1.27873 1.01135 2.02585 2.912 1.25656 2.50724 1.90238 2.14004 0.336509 0.397097 0.841699 0.375604 0.448722 0.538935 0.351405 0.457963 0.525752 0.859778 1.93292 4.798 
-2.45569 2.30326 0.276162 0.3012 0.480603 0.345213 0.332068 0.40769 0.934205 0.399428 0.402468 0.520543 1.08465 0.44707 1.32082 1.35072 2.79082 2.30296 2.42897 1.66591 2.16102 1.71774 1.10895 1.1522 0.776169 0.459699 0.859466 1.07595 0.593082 1.05764 1.01128 1.53999 3.04107 4.02486 
