1.9343 1.58828 
0.198122 1.4508 0.698909 2.51168 
-9.96131 12.1403 2.84619 4.47985 6.1889 4.79618 
-13.5674 19.9122 3.06065 41.0494 7.22831 9.69212 8.2035 24.0014 
-12.0364 14.0722 6.47448 27.732 32.1046 5.12141 5.35251 5.07138 21.2008 20.3858 
-13.2593 20.5579 8.08972 35.7829 38.6571 45.7806 4.53366 8.07571 10.22 22.0221 27.1755 30.5466 
0.310234 0.559772 0.407026 2.87003 1.52692 2.22501 2.56168 1.03794 2.10607 2.43367 2.72037 2.14299 2.08826 2.89812 
1.1193 1.08675 0.812679 3.65672 2.85945 1.72211 2.23753 2.60962 0.261687 2.29136 3.44978 0.172662 2.06645 0.529006 1.9677 2.41566 
2.42794 1.28456 0.89332 3.13003 3.17601 2.36665 2.83486 1.41894 2.61648 2.56083 2.37547 2.67657 0.135308 0.831122 0.796207 0.453786 1.79197 2.94789 
2.52318 0.793348 0.822447 1.63761 2.05824 2.41382 1.20781 1.86841 2.20231 2.29964 2.6895 0.0808247 2.48503 0.227298 0.417421 0.82804 0.351387 1.42825 1.60015 2.71113 
1.94118 1.37792 0.898899 3.50858 2.54875 2.30192 0.75656 0.648789 0.986437 2.76705 2.66416 2.52229 0.921437 2.64007 2.17908 0.936208 0.177951 0.725026 1.82156 0.937953 2.30832 4.70309 
2.57394 1.46997 1.15257 5.15522 2.83608 1.26957 1.32586 0.936919 1.35093 0.799051 1.92037 3.19026 2.0772 1.55239 2.9776 2.38541 0.175085 1.46968 0.49825 0.489277 0.397608 0.870135 1.00414 2.95629 
2.80908 2.83022 1.19199 3.17078 1.49584 1.41466 0.917574 0.62661 2.32304 1.28811 2.25832 2.96362 2.5311 2.7929 0.103916 2.78696 0.64182 0.180268 1.59109 0.397765 0.496324 0.38963 0.580007 0.836083 1.00958 4.64034 
1.82712 2.39379 1.37119 3.27577 2.01747 2.10915 0.725581 1.3883 0.700656 0.594651 1.005 1.8946 2.11411 3.84909 2.86096 0.101634 2.70842 0.178359 0.620523 0.922747 0.2972 0.416541 0.486403 0.475206 0.557945 0.598057 1.91279 4.7364 
2.1629 2.98634 1.06113 3.48758 3.0972 0.741007 1.61367 1.29136 0.392389 1.08771 1.16809 1.76112 1.33619 2.15191 3.44415 2.55164 0.115826 2.76475 1.55117 0.605896 0.206372 0.665322 1.24855 0.311477 0.496411 0.485883 0.729016 0.57654 2.15556 4.70257 
2.57894 2.98271 1.30834 2.59823 1.60232 2.2371 1.68779 2.005 0.541179 0.747922 0.863835 1.51881 0.777234 0.857098 1.21574 3.42518 3.34623 0.102861 2.72641 0.472077 0.193508 1.59245 0.250042 0.468174 0.764726 0.313698 0.896252 0.53745 1.80501 0.563317 2.26778 4.73511 
3.1557 2.67394 2.43694 3.93597 2.61437 2.00854 1.05609 0.745791 1.38331 0.696781 1.45925 1.33938 1.19286 0.987356 1.58167 2.39716 3.12995 2.75392 0.132395 2.37703 1.53085 0.221556 0.362696 0.509833 0.418644 0.389916 0.449593 0.501905 0.448241 0.460744 0.670054 0.89638 1.56735 3.51952 
