1.08343 2.50109 
0.251396 2.30441 1.25231 2.39338 
0.279836 0.896998 2.37813 2.11684 2.09375 2.28667 
0.536283 0.770948 1.5493 2.71781 1.78693 1.47595 2.49522 2.62386 
1.0081 0.938442 1.02627 2.03855 2.35911 2.08181 1.05815 2.07063 1.99815 2.15841 
1.34515 1.05579 1.52995 1.411 1.7525 2.69682 2.59182 1.54348 1.90057 1.96552 2.54651 2.89917 
1.54731 1.19069 1.4355 1.25026 1.5747 1.84956 2.41885 2.13362 1.5804 1.60938 2.11526 2.19385 1.99743 2.61529 
1.723 1.19928 2.22912 2.00012 2.01007 2.16696 1.95558 2.47113 2.91957 1.66736 1.9803 2.51233 1.39339 1.98729 2.36423 3.54893 
1.88133 1.37495 2.81231 2.22162 2.12069 2.13825 1.94619 1.55482 2.47886 3.05239 2.12547 1.85796 1.55161 2.29503 2.49176 2.3894 2.10584 4.8865 
1.98884 1.49332 2.35318 2.30004 2.39378 2.3037 2.23741 1.89033 1.67083 2.39381 2.69121 1.71742 2.02347 2.12695 1.86956 1.63171 2.00484 2.17843 2.39235 4.82918 
2.23009 1.63693 2.46059 2.54063 2.78098 2.36213 2.49982 2.07595 1.89394 1.63309 2.35944 2.84539 2.4158 2.8437 2.20274 2.05999 2.58919 1.75575 2.53595 2.08099 3.2462 5.10723 
2.132 2.16743 2.65191 2.77925 2.67674 2.82598 2.54824 2.48782 2.31368 2.10137 1.95767 2.81673 2.79833 2.81853 2.51144 3.16703 1.86416 2.0939 1.93439 1.85234 2.21573 1.90879 2.61902 4.92119 
2.40783 1.66005 2.54605 2.78692 2.758 2.81862 2.38156 2.5567 2.19347 2.12587 1.84815 1.78432 2.64129 2.95926 2.26524 2.6309 1.94336 1.8913 1.43765 2.1067 1.93131 2.20807 2.15131 2.07162 2.05404 4.73124 
2.83639 1.62598 2.97421 2.4441 2.42028 2.50826 2.73988 2.08736 1.87102 2.0193 1.51948 1.8179 1.63102 2.66437 2.58906 2.72496 3.20822 2.63212 2.58214 2.06402 1.625 2.37985 1.79837 2.05128 2.42292 2.20094 2.12737 5.35667 
2.98402 1.40764 2.8184 2.15915 2.53792 2.48523 1.95119 2.14365 1.9229 1.62511 1.28306 1.28663 1.59173 1.13075 2.85429 3.84716 2.65886 2.43999 2.17773 2.13019 2.21714 2.05487 1.99282 2.11906 1.85942 2.70601 2.70382 1.9299 1.83065 5.19216 
3.1602 2.72155 2.69561 2.14091 2.86946 2.72606 2.75405 2.4608 2.15245 2.0876 2.22341 1.83409 1.38759 1.35505 1.53247 2.7198 2.6144 2.52781 2.64987 2.31527 1.87473 1.92763 1.58065 1.44733 2.67914 1.95626 2.42136 2.45567 1.98548 2.17721 3.69318 5.76312 
3.00695 1.83858 2.52422 2.80819 2.8895 2.8001 2.56914 2.50956 2.28999 2.11857 1.52776 1.33681 1.25859 1.3282 1.43545 1.37694 2.85195 2.83914 2.78219 2.54197 2.48405 3.45072 1.80703 1.88846 1.19808 1.23446 2.20158 2.01925 2.58638 2.23818 2.76762 2.1689 2.53428 5.25303 
