10.7837 6.71867 
3.54557 2.25143 0.350577 1.14362 
3.69439 2.61809 2.43979 0.198192 0.69795 1.16113 
3.53465 1.20355 2.35374 2.17589 0.0743305 0.422822 0.760194 1.58868 
4.22566 2.02039 2.4234 2.36884 2.2159 0.76031 0.438221 0.316239 0.656733 2.00783 
3.14057 1.05377 2.29939 0.996506 2.49695 2.27078 0.374036 0.399212 0.395443 0.354243 0.794651 2.30382 
3.5219 0.921682 2.47505 0.83775 0.821272 1.21271 2.19597 0.479812 0.359677 0.372141 0.418188 0.464347 0.811614 2.25258 
3.48729 0.797156 2.17017 1.05457 1.00406 0.88701 2.00119 2.29738 0.506394 0.457242 0.358873 0.430532 0.399037 0.466262 1.16252 2.44291 
3.47593 0.78908 2.44583 1.16679 0.972215 0.952417 1.14305 1.0977 2.52537 1.21456 0.415995 0.32184 0.412925 0.389509 0.433766 0.478867 1.1534 2.39065 
3.99412 1.80104 1.7598 1.19081 0.843992 0.996456 0.967795 0.996819 1.50359 2.03217 0.584842 0.419422 0.439644 0.366724 0.398009 0.408262 0.548198 0.540856 0.892554 2.52945 
3.29698 0.728405 2.32021 2.08285 0.851649 0.948785 0.916392 0.958649 0.838155 1.14154 2.78167 0.714648 0.457562 0.333959 0.37055 0.421496 0.417756 0.474114 0.613615 0.649718 1.14686 3.2025 
3.9459 0.934352 1.95497 1.9049 1.57233 0.939254 0.859391 0.828575 0.90158 0.934806 1.17189 3.17621 0.66657 0.485538 0.326121 0.331917 0.381724 0.407536 0.462221 0.508513 0.617302 0.74038 1.33718 3.7779 
4.3315 1.65947 1.19563 1.43498 1.95795 1.62869 0.914032 1.03898 0.855991 0.903538 0.935345 0.867959 3.66153 1.05591 0.423949 0.297811 0.315767 0.317406 0.359995 0.445441 0.435362 0.534118 0.623452 0.641826 3.23966 3.55768 
3.98501 1.21768 2.75356 1.49126 1.51761 0.814071 0.807809 1.06889 0.982923 2.1804 0.668267 0.963712 2.34369 2.12067 1.01919 0.472073 0.291143 0.342539 0.312491 0.401736 0.342852 0.393392 0.431711 0.586916 0.693501 0.694677 1.28894 2.78722 
4.86126 0.938461 2.41553 2.07995 1.15374 1.86237 0.683802 0.924625 0.882424 0.933001 0.72757 0.879706 0.759983 1.79772 2.39304 0.781081 0.470265 0.548121 0.334003 0.339942 0.364274 0.392787 0.427498 0.414981 0.516629 0.557698 0.64697 0.823881 1.33053 3.09207 
4.1845 1.39249 1.25499 1.55574 0.988027 0.734691 0.848889 1.32007 2.30688 1.53609 0.824866 0.981044 0.687039 0.815672 1.09946 3.1147 0.671078 0.609161 0.365484 0.312179 0.384149 0.323044 0.35407 0.315888 0.450417 0.463814 0.443522 1.24704 0.875057 0.860281 1.75285 3.82979 
4.96288 1.74701 0.809395 1.08225 1.90542 0.801662 0.987189 0.708472 1.40141 0.869818 0.718609 0.590509 1.00295 0.842984 0.81977 2.22312 2.78839 0.855016 0.379911 1.23685 0.277671 0.351399 0.400095 0.350095 0.319204 0.373229 1.05695 0.464041 0.950634 0.688321 0.98428 1.47225 2.47045 3.57361 
